0.985
1.0
0.92
0.9
0.82
0.82
0.75
0.75
0.7
0.725
0.665
0.7
0.67
0.66
0.63
0.655
0.615
0.645
0.605
0.635
0.62
0.64
0.6
0.64
0.605
0.65
0.62
0.65
0.62
0.66
0.615
0.645
0.62
0.665
0.695
0.765
0.72
0.75
0.685
0.665
0.635
0.65
0.6
0.635
0.575
0.58
0.535
0.74
1.08
1.28
0.89
0.6
0.58
0.58
0.52
0.54
0.5
0.5
0.47
0.485
0.46
0.49
0.465
0.49
0.45
0.465
0.44
0.475
0.45
0.48
0.46
0.495
0.49
0.53
0.5
0.54
0.505
0.52
0.47
0.445
0.375
0.375
0.3
0.3
0.255
0.27
0.23
0.24
0.19
0.2
0.175
0.2
0.135
0.18
0.135
0.13
0.045
0.06
0.145
0.12
0.07
0.125
0.05
0.05
0.005
0.03
-0.015
-0.005
-0.05
-0.01
-0.03
0.02
-0.015
0.01
-0.06
-0.105
-0.15
-0.145
-0.2
-0.18
-0.235
-0.24
-0.3
-0.165
0.12
0.46
0.17
-0.2
-0.24
-0.26
-0.31
-0.28
-0.32
-0.28
-0.3
-0.3
-0.31
-0.28
-0.305
-0.275
-0.29
-0.265
-0.29
-0.265
-0.28
-0.24
-0.265
-0.225
-0.235
-0.19
-0.2
-0.15
-0.165
-0.12
-0.155
-0.145
-0.205
-0.2
-0.25
-0.24
-0.265
-0.24
-0.28
-0.255
-0.28
-0.26
-0.295
-0.27
-0.295
-0.26
-0.29
-0.26
-0.28
-0.25
-0.265
-0.24
-0.26
-0.23
-0.25
-0.23
-0.24
-0.215
-0.225
-0.2
-0.21
-0.15
-0.145
-0.08
-0.05
-0.01
-0.025
-0.02
-0.08
-0.055
-0.06
-0.02
-0.05
-0.015
-0.055
-0.04
0.15
0.62
0.88
0.58
0.145
0.175
0.12
0.155
0.15
0.185
0.18
0.22
0.22
0.265
0.265
0.32
0.3
0.35
0.36
0.41
0.405
0.46
0.46
0.53
0.54
0.6
0.625
0.72
0.72
0.785
0.78
0.79
0.76
0.76
0.72
0.74
0.72
0.74
0.735
0.765
0.75
0.79
0.77
0.82
0.815
0.86
0.84
0.89
0.89
0.93
0.93
0.96
0.965
1.01
0.985
1.04
1.025
1.06
1.055
1.095
1.08
1.14
1.125
1.18
1.24
1.3
1.265
1.31
1.25
1.24
1.23
1.26
1.23
1.26
1.24
1.25
1.24
1.53
1.98
2.06
1.61
1.4
1.36
1.36
1.34
1.38
1.36
1.385
1.365
1.4
1.385
1.425
1.4
1.435
1.43
1.47
1.46
1.48
1.45
1.52
1.5
1.525
1.585
1.64
1.58
1.62
1.62
1.6
1.59
1.605
1.505
1.505
1.43
1.4
1.35
1.42
1.38
1.36
1.28
1.305
1.275
1.32
1.305
1.31
1.265
1.265
1.245
1.25
1.22
1.23
1.2
1.22
1.18
1.185
1.13
1.16
1.14
1.16
1.115
1.14
1.1
1.2
1.21
1.215
1.18
1.2
1.1
1.125
1.08
1.045
0.965
1.0
0.975
0.98
1.17
1.61
1.7
1.36
1.015
1.04
1.0
1.01
0.99
1.045
1.02
1.1
1.065
1.055
1.02
1.06
1.05
1.095
1.08
1.125
1.12
1.175
1.15
1.2
1.205
1.26
1.28
1.305
1.265
1.29
1.285
1.295
1.22
1.205
1.06
1.02
1.1
1.15
1.11
1.09
1.01
1.25
1.2
1.05
1.07
0.955
0.92
1.06
0.945
0.98
0.985
1.005
0.965
0.965
0.92
0.92
0.89
0.93
1.04
1.12
0.865
0.72
0.78
0.975
0.94
0.85
0.89
0.76
0.6
0.75
0.72
0.795
0.86
0.9
0.59
0.455
0.72
1.06
1.365
1.085
0.68
0.655
0.92
0.845
0.445
0.505
0.5
0.6
0.525
0.68
0.72
0.66
0.585
0.45
0.255
0.495
0.66
0.51
0.765
0.88
0.37
0.49
0.535
0.63
0.52
0.645
0.405
0.69
0.805
0.185
0.385
0.165
-0.055
0.46
0.41
0.36
0.665
0.26
-0.195
0.2
0.1
0.15
0.19
0.24
0.245
0.265
0.06
-0.04
-0.05
-0.005
0.025
0.08
0.09
0.07
-0.155
0.0
-0.02
-0.105
-0.07
0.01
-0.08
0.31
0.11
-0.08
0.155
-0.04
-0.135
-0.09
-0.095
0.055
-0.015
-0.03
-0.12
0.0
0.18
0.4
0.61
0.325
-0.03
0.02
-0.05
0.035
0.065
-0.08
-0.11
-0.04
-0.14
-0.06
-0.11
-0.015
-0.075
-0.07
-0.03
-0.05
-0.17
-0.13
-0.105
-0.06
-0.01
-0.015
-0.035
-0.025
0.13
0.06
-0.135
0.045
-0.1
-0.15
-0.14
-0.175
-0.21
-0.22
-0.22
-0.215
-0.23
-0.185
-0.24
-0.22
-0.31
-0.29
-0.305
-0.325
-0.28
-0.28
-0.27
-0.15
-0.28
-0.235
-0.355
-0.49
-0.375
-0.315
-0.355
-0.33
-0.36
-0.335
-0.28
-0.27
-0.36
-0.215
-0.4
-0.48
-0.3
-0.27
-0.335
-0.305
-0.295
-0.31
-0.415
-0.45
-0.49
-0.45
-0.47
-0.475
-0.46
-0.165
0.25
0.24
-0.24
-0.56
-0.615
-0.5
-0.58
-0.53
-0.515
-0.52
-0.55
-0.51
-0.56
-0.555
-0.58
-0.495
-0.575
-0.6
-0.585
-0.62
-0.6
-0.55
-0.585
-0.575
-0.54
-0.49
-0.495
-0.5
-0.535
-0.515
-0.56
-0.58
-0.65
-0.68
-0.72
-0.715
-0.74
-0.74
-0.76
-0.715
-0.76
-0.76
-0.78
-0.76
-0.775
-0.78
-0.75
-0.755
-0.79
-0.75
-0.785
-0.775
-0.77
-0.735
-0.77
-0.72
-0.76
-0.76
-0.78
-0.745
-0.75
-0.72
-0.715
-0.71
-0.735
-0.66
-0.68
-0.68
-0.655
-0.595
-0.31
-0.475
-0.81
-0.73
-0.715
-0.645
-0.68
-0.63
-0.645
-0.675
-0.69
-0.59
-0.3
0.17
-0.025
-0.485
-0.61
-0.52
-0.44
-0.49
-0.6
-0.575
-0.58
-0.515
-0.5
-0.435
-0.455
-0.44
-0.41
-0.265
-0.37
-0.295
-0.35
-0.485
-0.365
-0.3
-0.23
-0.2
-0.175
-0.13
-0.14
-0.12
-0.1
-0.065
-0.12
-0.12
-0.185
-0.23
-0.26
-0.235
-0.23
-0.195
-0.19
-0.185
-0.18
-0.14
-0.19
-0.15
-0.15
-0.08
-0.135
-0.07
-0.09
-0.075
-0.07
-0.04
-0.01
-0.04
-0.03
-0.03
-0.06
0.01
0.025
0.04
-0.01
0.085
0.05
-0.01
0.015
0.08
0.09
0.125
0.105
0.2
0.2
0.205
0.2
0.17
0.14
0.155
0.15
0.155
0.125
0.135
0.145
0.155
0.36
0.76
0.88
0.475
0.125
0.22
0.24
0.245
0.24
0.3
0.275
0.22
0.26
0.3
0.25
0.3
0.3
0.34
0.335
0.345
0.375
0.4
0.38
0.44
0.465
0.495
0.475
0.545
0.57
0.58
0.545
0.53
0.495
0.51
0.45
0.43
0.415
0.4
0.34
0.36
0.38
0.365
0.375
0.4
0.35
0.36
0.4
0.39
0.36
0.38
0.36
0.375
0.375
0.4
0.43
0.4
0.31
0.34
0.34
0.35
0.34
0.38
0.33
0.36
0.36
0.36
0.34
0.33
0.33
0.38
0.37
0.4
0.43
0.44
0.43
0.4
0.36
0.38
0.375
0.46
0.5
0.405
0.16
0.08
0.225
0.57
0.955
0.735
0.245
0.2
0.25
0.24
0.215
0.21
0.225
0.26
0.22
0.255
0.22
0.23
0.24
0.225
0.21
0.24
0.22
0.24
0.28
0.345
0.285
0.29
0.36
0.305
0.28
0.32
0.32
0.345
0.32
0.26
0.2
0.2
0.11
0.08
0.12
0.1
0.05
0.09
0.08
0.06
0.08
0.045
0.02
0.045
0.03
0.05
0.04
0.04
0.02
0.025
0.01
-0.02
-0.055
-0.02
-0.08
-0.11
-0.055
-0.04
-0.12
-0.1
-0.13
-0.115
-0.14
-0.145
-0.135
-0.14
-0.15
-0.165
-0.135
-0.04
-0.095
-0.12
-0.115
-0.15
-0.24
-0.21
-0.23
-0.22
-0.22
-0.23
-0.295
-0.2
0.055
0.405
0.225
-0.215
-0.395
-0.355
-0.34
-0.26
-0.3
-0.385
-0.355
-0.36
-0.36
-0.32
-0.34
-0.315
-0.315
-0.24
-0.4
-0.485
-0.4
-0.38
-0.33
-0.26
-0.19
-0.295
-0.2
-0.2
-0.355
-0.345
-0.4
-0.31
-0.43
-0.46
-0.475
-0.515
-0.54
-0.515
-0.57
-0.55
-0.475
-0.47
-0.535
-0.51
-0.62
-0.7
-0.7
-0.71
-0.66
-0.635
-0.6
-0.615
-0.68
-0.585
-0.58
-0.805
-0.79
-0.66
-0.805
-0.79
-0.745
-0.715
-0.65
-0.65
-0.71
-0.835
-0.91
-0.71
-0.795
-0.83
-0.755
-0.795
-0.78
-0.72
-0.72
-0.56
-0.68
-0.84
-0.825
-0.91
-0.92
-0.84
-0.84
-0.87
-0.74
-0.53
-0.35
-0.28
-0.67
-0.87
-0.86
-0.93
-0.675
-0.78
-0.77
-0.45
-0.57
-1.04
-1.22
-0.67
-0.825
-0.61
-0.33
-0.875
-1.32
-0.95
-0.82
-0.7
-0.295
-0.395
-0.92
-0.94
-0.665
-0.5
-0.46
-0.59
-0.64
-0.49
-0.88
-0.94
-0.75
-0.67
-0.67
-0.81
-0.83
-0.675
-0.94
-0.88
-0.82
-0.81
-0.64
-0.695
-0.865
-0.77
-0.67
-0.77
-0.81
-0.68
-0.76
-0.855
-0.775
-0.79
-0.92
-0.86
-0.86
-0.88
-0.855
-0.875
-0.88
-0.82
-0.88
-0.92
-0.945
-0.91
-0.905
-0.9
-0.865
-0.835
-0.78
-0.74
-0.82
-0.805
-0.88
-0.895
-0.86
-0.895
-0.93
-0.895
-0.83
-0.855
-0.825
-0.46
-0.08
-0.32
-0.785
-0.915
-0.915
-0.835
-0.71
-0.64
-0.675
-0.65
-0.695
-0.675
-0.64
-0.655
-0.68
-0.615
-0.595
-0.59
-0.58
-0.52
-0.51
-0.52
-0.51
-0.43
-0.43
-0.42
-0.4
-0.35
-0.33
-0.375
-0.36
-0.335
-0.43
-0.43
-0.435
-0.435
-0.425
-0.415
-0.415
-0.41
-0.46
-0.4
-0.345
-0.36
-0.37
-0.32
-0.32
-0.32
-0.325
-0.34
-0.3
-0.3
-0.37
-0.315
-0.29
-0.29
-0.305
-0.31
-0.31
-0.27
-0.285
-0.29
-0.24
-0.23
-0.27
-0.25
-0.27
-0.28
-0.24
-0.23
-0.215
-0.13
-0.1
-0.13
-0.165
-0.15
-0.2
-0.22
-0.23
-0.19
-0.195
-0.2
-0.25
-0.17
0.1
0.6
0.455
-0.075
-0.22
-0.17
-0.175
-0.135
-0.08
-0.03
-0.065
-0.08
-0.06
-0.04
-0.1
-0.03
-0.05
-0.02
0.01
0.02
0.03
-0.01
-0.025
0.08
0.14
0.21
0.14
-0.04
0.125
0.2
0.145
0.25
0.185
0.18
0.1
0.08
0.08
0.075
0.13
0.115
0.16
0.21
0.18
0.16
0.15
0.155
0.08
0.095
0.125
0.05
0.06
0.09
0.08
0.105
0.14
0.125
0.08
0.1
0.11
0.06
0.12
0.125
0.08
0.13
0.12
0.12
0.105
0.1
0.125
0.175
0.135
0.215
0.245
0.205
0.15
0.09
0.085
0.1
0.06
0.1
0.11
0.045
0.06
0.315
0.69
0.615
0.15
-0.035
-0.015
0.02
0.02
0.05
0.055
0.08
0.085
0.11
0.1
0.12
0.12
0.09
0.105
0.125
0.13
0.165
0.175
0.2
0.2
0.24
0.24
0.265
0.27
0.29
0.28
0.265
0.25
0.2
0.14
0.12
0.08
0.05
-0.005
0.04
0.06
0.04
0.03
0.025
-0.04
-0.06
-0.32
-0.005
0.22
-0.07
-0.135
-0.16
-0.44
-0.105
0.21
-0.24
-0.43
-0.01
-0.055
-0.435
-0.6
-0.32
0.16
-0.13
-0.44
-0.42
-0.31
-0.18
-0.015
0.02
-0.24
-0.24
-0.04
-0.05
-0.1
-0.12
-0.33
-0.385
-0.27
-0.015
0.05
-0.18
-0.1
0.25
0.49
0.32
-0.12
-0.1
-0.115
-0.125
-0.135
-0.095
-0.075
-0.08
-0.1
-0.05
-0.04
-0.055
-0.02
-0.02
-0.05
-0.01
-0.01
0.04
0.05
0.09
0.16
0.2
0.19
0.225
0.24
0.24
0.225
0.25
0.21
0.2
0.17
0.145
0.12
0.085
0.07
0.09
0.065
0.095
0.04
0.035
0.08
0.14
0.14
0.08
0.04
0.13
0.155
0.1
0.07
0.065
0.06
0.08
0.05
0.065
0.08
0.07
0.04
0.095
0.095
0.085
0.06
0.12
0.055
0.07
0.08
0.16
0.15
0.13
0.09
0.09
0.055
0.045
0.04
0.02
0.055
0.06
0.22
0.36
0.54
0.535
0.12
-0.04
0.0
0.005
0.01
0.01
0.015
0.05
0.03
0.04
0.045
0.055
0.045
0.07
0.08
0.1
0.085
0.08
0.145
0.14
0.05
0.11
0.135
0.155
0.165
0.165
0.17
0.185
0.175
0.145
0.095
0.065
0.025
0.01
-0.015
-0.015
-0.025
-0.04
-0.07
-0.06
-0.06
-0.02
0.005
-0.01
-0.02
-0.02
-0.035
-0.065
-0.08
-0.07
-0.36
-0.295
0.085
0.015
-0.055
-0.175
-0.38
0.06
-0.305
-0.47
-0.295
-0.415
-0.47
-0.835
-0.28
0.2
-0.42
-0.17
-0.46
-0.23
-0.635
-1.0
-0.68
0.155
0.14
-1.22
-0.6
0.04
-0.395
0.625
0.45
-1.1
-0.21
0.085
-0.36
-0.12
-0.5
-0.51
-0.04
-0.26
-0.165
-0.15
-0.26
-0.06
-0.23
-0.15
-0.165
-0.18
-0.24
-0.12
-0.04
-0.095
-0.08
-0.06
-0.14
-0.15
0.105
0.18
0.04
0.025
-0.02
-0.045
-0.065
-0.04
-0.08
-0.115
-0.08
-0.005
-0.005
-0.02
-0.015
0.01
0.025
0.04
0.035
0.055
0.04
0.06
0.045
0.08
0.055
0.08
0.06
0.055
0.045
0.045
0.01
0.04
0.04
0.03
0.01
0.05
0.05
0.06
0.05
0.13
0.155
0.1
0.04
-0.07
-0.05
0.08
-0.035
-0.035
0.09
-0.18
-0.485
0.13
0.66
0.87
0.615
0.03
0.04
-0.11
-0.19
-0.12
0.12
0.28
0.045
0.095
0.14
0.08
0.085
0.095
0.085
0.125
0.1
0.125
0.14
0.16
0.17
0.21
0.205
0.24
0.25
0.28
0.28
0.285
0.26
0.25
0.2
0.19
0.145
0.12
0.085
0.105
0.08
0.09
0.08
0.1
0.08
0.085
0.08
0.09
0.08
0.085
0.06
0.08
0.06
0.08
0.05
0.06
0.045
0.025
0.02
0.055
0.02
0.045
0.005
0.005
-0.04
0.005
0.01
0.005
0.09
0.1
0.04
0.1
0.065
0.025
-0.005
-0.005
-0.075
-0.04
-0.07
-0.12
-0.06
0.245
0.685
0.52
0.025
-0.07
-0.105
-0.13
-0.155
-0.175
-0.215
-0.12
-0.12
-0.17
-0.195
-0.175
-0.18
-0.14
-0.16
-0.135
-0.15
-0.11
-0.115
-0.08
-0.08
-0.04
-0.04
0.01
-0.005
0.02
0.04
0.04
0.02
0.01
-0.075
-0.06
-0.08
-0.09
-0.13
-0.1
-0.115
-0.095
-0.11
-0.1
-0.12
-0.08
-0.11
-0.095
-0.115
-0.1
-0.11
-0.08
-0.08
-0.075
-0.1
-0.08
-0.1
-0.1
-0.115
-0.095
-0.12
-0.105
-0.12
-0.1
-0.115
-0.08
-0.04
0.005
-0.025
-0.04
-0.11
-0.115
-0.13
-0.11
-0.14
-0.12
-0.16
-0.185
-0.165
0.125
0.51
0.43
-0.02
-0.13
-0.13
-0.135
-0.165
-0.15
-0.175
-0.165
-0.19
-0.165
-0.18
-0.165
-0.175
-0.15
-0.175
-0.145
-0.17
-0.145
-0.16
-0.12
-0.135
-0.08
-0.11
-0.065
-0.075
-0.055
-0.07
-0.055
-0.105
-0.12
-0.165
-0.18
-0.22
-0.215
-0.235
-0.215
-0.24
-0.23
-0.26
-0.24
-0.26
-0.23
-0.255
-0.23
-0.25
-0.23
-0.24
-0.23
-0.24
-0.24
-0.26
-0.25
-0.27
-0.24
-0.26
-0.26
-0.28
-0.26
-0.275
-0.24
-0.255
-0.225
-0.195
-0.135
-0.135
-0.14
-0.21
-0.21
-0.24
-0.23
-0.22
-0.215
-0.255
-0.255
-0.29
-0.02
0.415
0.6
0.19
-0.14
-0.155
-0.165
-0.195
-0.175
-0.185
-0.165
-0.17
-0.135
-0.15
-0.15
-0.165
-0.145
-0.155
-0.135
-0.13
-0.105
-0.11
-0.08
-0.095
-0.04
-0.035
-0.005
0.005
0.045
0.05
0.08
0.04
0.03
-0.02
-0.03
-0.07
-0.06
-0.08
-0.065
-0.08
-0.06
-0.08
-0.06
-0.075
-0.05
-0.07
-0.05
-0.055
-0.035
-0.05
-0.03
-0.04
-0.02
-0.04
-0.025
-0.055
-0.035
-0.06
-0.04
-0.055
-0.05
-0.055
-0.035
-0.05
-0.025
0.0
0.07
0.04
0.045
-0.005
-0.03
-0.045
-0.05
-0.07
-0.04
-0.07
-0.08
-0.14
0.05
0.43
0.745
0.385
0.005
0.01
-0.01
-0.04
-0.015
-0.03
-0.005
-0.02
-0.005
-0.01
0.01
-0.025
0.03
0.04
0.045
0.04
0.06
0.045
0.1
0.08
0.125
0.15
0.17
0.18
0.21
0.205
0.215
0.185
0.17
0.12
0.095
0.06
0.05
0.04
0.04
0.025
0.025
0.015
0.02
0.005
0.02
0.005
0.015
0.005
0.025
0.01
0.03
0.01
0.025
0.01
0.02
0.005
0.01
-0.005
0.005
-0.005
0.0
-0.015
-0.01
-0.015
0.01
0.04
0.105
0.1
0.1
0.05
0.01
-0.02
-0.005
-0.04
-0.03
-0.05
-0.05
-0.1
0.02
0.36
0.735
0.43
-0.005
-0.02
-0.015
-0.05
-0.04
-0.06
-0.06
-0.06
-0.06
-0.065
-0.04
-0.06
-0.04
-0.05
-0.03
-0.035
-0.02
-0.025
0.0
-0.005
0.04
0.05
0.08
0.085
0.11
0.12
0.12
0.1
0.08
0.04
0.005
-0.035
-0.04
-0.06
-0.07
-0.08
-0.08
-0.1
-0.08
-0.09
-0.08
-0.095
-0.08
-0.1
-0.08
-0.095
-0.08
-0.08
-0.08
-0.09
-0.08
-0.08
-0.095
-0.095
-0.09
-0.095
-0.08
-0.09
-0.08
-0.08
-0.08
-0.07
-0.005
0.01
0.02
0.015
-0.03
-0.08
-0.07
-0.09
-0.105
-0.12
-0.115
-0.155
-0.15
0.06
0.49
0.57
0.18
-0.08
-0.055
-0.1
-0.095
-0.11
-0.11
-0.1
-0.1
-0.1
-0.08
-0.095
-0.08
-0.08
-0.075
-0.065
-0.06
-0.04
-0.04
-0.035
-0.01
0.02
0.05
0.05
0.085
0.085
0.085
0.08
0.055
0.02
-0.005
-0.05
-0.07
-0.09
-0.1
-0.11
-0.11
-0.135
-0.12
-0.135
-0.12
-0.13
-0.11
-0.12
-0.115
-0.12
-0.12
-0.12
-0.12
-0.135
-0.115
-0.12
-0.13
-0.13
-0.12
-0.12
-0.13
-0.135
-0.14
-0.12
-0.115
-0.12
-0.08
-0.04
-0.025
-0.03
-0.04
-0.11
-0.135
-0.135
-0.14
-0.15
-0.165
-0.19
-0.215
-0.11
0.22
0.57
0.29
-0.12
-0.11
-0.15
-0.165
-0.175
-0.18
-0.185
-0.18
-0.19
-0.17
-0.18
-0.19
-0.185
-0.175
-0.18
-0.165
-0.145
-0.14
-0.165
-0.12
-0.17
-0.225
-0.12
0.01
-0.115
-0.13
0.06
0.045
-0.075
-0.025
-0.005
-0.08
-0.13
-0.12
-0.155
-0.14
-0.14
-0.15
-0.15
-0.155
-0.16
-0.155
-0.15
-0.14
-0.13
-0.12
-0.135
-0.13
-0.14
-0.13
-0.15
-0.15
-0.175
-0.17
-0.155
-0.155
-0.17
-0.17
-0.165
-0.14
-0.15
-0.135
-0.08
-0.08
-0.1
-0.06
-0.13
-0.175
-0.175
-0.185
-0.19
-0.2
-0.22
-0.24
-0.2
0.08
0.5
0.34
-0.095
-0.165
-0.18
-0.21
-0.2
-0.205
-0.22
-0.21
-0.2
-0.21
-0.21
-0.205
-0.2
-0.185
-0.175
-0.18
-0.165
-0.165
-0.15
-0.12
-0.08
-0.09
-0.055
-0.04
-0.02
-0.03
-0.02
-0.02
-0.065
-0.1
-0.13
-0.16
-0.175
-0.18
-0.185
-0.22
-0.2
-0.225
-0.22
-0.225
-0.22
-0.215
-0.215
-0.215
-0.215
-0.22
-0.205
-0.22
-0.21
-0.215
-0.215
-0.22
-0.22
-0.22
-0.22
-0.235
-0.23
-0.235
-0.24
-0.23
-0.225
-0.2
-0.155
-0.15
-0.17
-0.18
-0.24
-0.275
-0.28
-0.28
-0.295
-0.315
-0.34
-0.38
-0.295
0.0
0.405
0.18
-0.24
-0.3
-0.32
-0.35
-0.37
-0.38
-0.385
-0.39
-0.38
-0.395
-0.38
-0.38
-0.38
-0.39
-0.38
-0.38
-0.375
-0.36
-0.35
-0.345
-0.335
-0.33
-0.3
-0.29
-0.28
-0.275
-0.275
-0.28
-0.31
-0.35
-0.36
-0.4
-0.415
-0.44
-0.43
-0.45
-0.45
-0.46
-0.455
-0.45
-0.45
-0.455
-0.44
-0.44
-0.4
-0.425
-0.415
-0.435
-0.415
-0.43
-0.42
-0.43
-0.43
-0.435
-0.435
-0.44
-0.435
-0.43
-0.42
-0.43
-0.415
-0.415
-0.395
-0.365
-0.325
-0.33
-0.335
-0.36
-0.4
-0.42
-0.4
-0.42
-0.415
-0.435
-0.435
-0.475
-0.37
-0.07
0.33
0.15
-0.27
-0.325
-0.35
-0.385
-0.38
-0.385
-0.375
-0.375
-0.37
-0.36
-0.355
-0.36
-0.34
-0.345
-0.31
-0.315
-0.3
-0.29
-0.26
-0.27
-0.25
-0.235
-0.2
-0.19
-0.165
-0.155
-0.13
-0.135
-0.15
-0.17
-0.195
-0.22
-0.23
-0.23
-0.23
-0.23
-0.22
-0.235
-0.22
-0.225
-0.215
-0.21
-0.19
-0.2
-0.18
-0.185
-0.165
-0.165
-0.155
-0.15
-0.13
-0.14
-0.13
-0.12
-0.115
-0.12
-0.1
-0.095
-0.09
-0.08
-0.08
-0.08
-0.065
-0.06
-0.04
-0.025
0.03
0.08
0.095
0.07
0.065
0.005
0.01
0.005
0.01
-0.005
-0.005
-0.015
-0.04
0.08
0.4
0.84
0.64
0.18
0.115
0.08
0.06
0.06
0.07
0.08
0.08
0.09
0.095
0.1
0.11
0.11
0.13
0.13
0.15
0.155
0.18
0.18
0.21
0.22
0.25
0.27
0.305
0.315
0.34
0.36
0.36
0.325
0.305
0.26
0.25
0.23
0.22
0.2
0.215
0.2
0.21
0.2
0.2
0.21
0.205
0.205
0.22
0.205
0.23
0.23
0.24
0.245
0.24
0.24
0.245
0.24
0.245
0.24
0.245
0.24
0.25
0.24
0.25
0.245
0.245
0.24
0.26
0.24
0.25
0.245
0.27
0.265
0.315
0.36
0.37
0.355
0.33
0.285
0.26
0.245
0.25
0.225
0.225
0.22
0.18
0.2
0.48
0.92
0.85
0.405
0.27
0.265
0.245
0.22
0.23
0.23
0.24
0.225
0.25
0.22
0.24
0.22
0.24
0.24
0.25
0.245
0.26
0.265
0.285
0.29
0.31
0.33
0.36
0.36
0.37
0.37
0.38
0.345
0.315
0.26
0.24
0.205
0.185
0.16
0.16
0.145
0.15
0.14
0.14
0.125
0.14
0.125
0.13
0.13
0.135
0.13
0.14
0.12
0.125
0.105
0.11
0.1
0.105
0.085
0.09
0.08
0.085
0.07
0.08
0.06
0.065
0.065
0.06
0.05
0.045
0.03
0.04
0.03
0.04
0.03
0.085
0.13
0.145
0.12
0.1
0.04
0.01
0.0
0.0
-0.02
-0.01
-0.035
-0.07
-0.055
0.215
0.635
0.57
0.13
-0.015
-0.01
-0.03
-0.04
-0.04
-0.06
-0.04
-0.055
-0.05
-0.06
-0.035
-0.05
-0.03
-0.05
-0.03
-0.035
-0.015
-0.02
0.005
0.02
0.04
0.045
0.085
0.08
0.1
0.09
0.1
0.07
0.05
0.01
-0.02
-0.065
-0.08
-0.11
-0.1
-0.12
-0.115
-0.12
-0.12
-0.135
-0.115
-0.13
-0.11
-0.12
-0.12
-0.12
-0.115
-0.13
-0.12
-0.14
-0.12
-0.135
-0.14
-0.15
-0.14
-0.165
-0.145
-0.155
-0.15
-0.165
-0.15
-0.165
-0.15
-0.155
-0.16
-0.17
-0.165
-0.165
-0.15
-0.165
-0.165
-0.165
-0.11
-0.075
-0.055
-0.08
-0.08
-0.14
-0.15
-0.17
-0.16
-0.18
-0.18
-0.19
-0.22
-0.2
0.08
0.48
0.38
-0.04
-0.12
-0.14
-0.15
-0.19
-0.155
-0.165
-0.165
-0.17
-0.17
-0.18
-0.165
-0.165
-0.15
-0.15
-0.14
-0.14
-0.12
-0.13
-0.105
-0.115
-0.08
-0.08
-0.06
-0.06
-0.04
-0.05
-0.04
-0.05
-0.055
-0.095
-0.115
-0.14
-0.14
-0.17
-0.165
-0.175
-0.165
-0.18
-0.165
-0.18
-0.165
-0.165
-0.14
-0.165
-0.145
-0.15
-0.14
-0.16
-0.135
-0.155
-0.14
-0.16
-0.155
-0.165
-0.15
-0.165
-0.15
-0.165
-0.15
-0.17
-0.145
-0.155
-0.15
-0.165
-0.14
-0.165
-0.155
-0.16
-0.14
-0.14
-0.08
-0.07
-0.06
-0.08
-0.12
-0.175
-0.155
-0.18
-0.175
-0.2
-0.2
-0.24
-0.24
-0.11
0.255
0.44
0.16
-0.18
-0.15
-0.205
-0.22
-0.235
-0.225
-0.24
-0.225
-0.25
-0.22
-0.25
-0.235
-0.26
-0.235
-0.24
-0.24
-0.255
-0.235
-0.25
-0.23
-0.23
-0.21
-0.22
-0.19
-0.185
-0.16
-0.175
-0.155
-0.195
-0.21
-0.26
-0.265
-0.3
-0.29
-0.32
-0.3
-0.33
-0.325
-0.335
-0.325
-0.34
-0.33
-0.32
-0.31
-0.32
-0.31
-0.32
-0.32
-0.32
-0.305
-0.32
-0.32
-0.33
-0.31
-0.33
-0.315
-0.33
-0.315
-0.33
-0.31
-0.33
-0.315
-0.32
-0.315
-0.32
-0.305
-0.32
-0.295
-0.31
-0.3
-0.3
-0.275
-0.235
-0.18
-0.195
-0.2
-0.255
-0.28
-0.3
-0.28
-0.305
-0.3
-0.315
-0.32
-0.38
-0.185
0.2
0.49
0.155
-0.24
-0.25
-0.26
-0.295
-0.29
-0.28
-0.27
-0.28
-0.275
-0.275
-0.255
-0.26
-0.235
-0.24
-0.23
-0.23
-0.21
-0.2
-0.165
-0.17
-0.12
-0.13
-0.08
-0.08
-0.055
-0.055
-0.025
-0.05
-0.06
-0.1
-0.11
-0.165
-0.165
-0.19
-0.175
-0.19
-0.185
-0.21
-0.185
-0.2
-0.185
-0.19
-0.17
-0.185
-0.15
-0.165
-0.15
-0.155
-0.13
-0.145
-0.13
-0.145
-0.115
-0.135
-0.13
-0.14
-0.115
-0.12
-0.11
-0.115
-0.1
-0.11
-0.08
-0.11
-0.08
-0.1
-0.08
-0.08
-0.07
-0.08
-0.04
-0.065
-0.025
0.03
0.07
0.04
0.055
-0.015
-0.03
-0.04
-0.03
-0.04
-0.035
-0.04
-0.06
-0.08
0.105
0.475
0.725
0.34
-0.01
0.005
0.01
-0.01
0.005
-0.005
0.025
0.005
0.02
0.02
0.04
0.025
0.06
0.05
0.065
0.06
0.09
0.085
0.12
0.12
0.15
0.155
0.2
0.21
0.245
0.24
0.26
0.225
0.21
0.17
0.145
0.1
0.105
0.08
0.08
0.06
0.08
0.06
0.06
0.055
0.08
0.06
0.08
0.065
0.1
0.08
0.085
0.08
0.09
0.08
0.085
0.065
0.085
0.06
0.08
0.055
0.08
0.055
0.08
0.055
0.07
0.06
0.08
0.06
0.08
0.05
0.08
0.06
0.08
0.06
0.085
0.08
0.155
0.175
0.165
0.14
0.12
0.055
0.065
0.045
0.06
0.03
0.03
-0.01
-0.02
0.145
0.54
0.76
0.42
0.01
0.065
0.03
0.04
0.015
0.04
0.02
0.04
0.02
0.04
0.02
0.04
0.025
0.04
0.035
0.065
0.05
0.08
0.065
0.1
0.11
0.15
0.155
0.18
0.175
0.19
0.17
0.19
0.15
0.125
0.08
0.055
0.01
0.005
-0.02
-0.025
-0.055
-0.04
-0.06
-0.035
-0.075
-0.04
-0.06
-0.04
-0.07
-0.04
-0.065
-0.06
-0.095
-0.08
-0.1
-0.095
-0.13
-0.11
-0.14
-0.12
-0.165
-0.15
-0.18
-0.165
-0.195
-0.19
-0.21
-0.2
-0.23
-0.22
-0.24
-0.23
-0.26
-0.24
-0.275
-0.24
-0.235
-0.175
-0.2
-0.2
-0.22
-0.27
-0.33
-0.31
-0.345
-0.34
-0.37
-0.36
-0.425
-0.38
-0.145
0.29
0.17
-0.25
-0.395
-0.355
-0.4
-0.4
-0.415
-0.395
-0.415
-0.4
-0.42
-0.4
-0.42
-0.4
-0.415
-0.39
-0.4
-0.37
-0.39
-0.355
-0.37
-0.34
-0.335
-0.3
-0.3
-0.265
-0.275
-0.24
-0.275
-0.255
-0.3
-0.3
-0.36
-0.355
-0.39
-0.38
-0.4
-0.38
-0.4
-0.365
-0.395
-0.36
-0.37
-0.335
-0.35
-0.31
-0.325
-0.29
-0.305
-0.265
-0.28
-0.24
-0.28
-0.24
-0.26
-0.22
-0.24
-0.215
-0.24
-0.19
-0.2
-0.175
-0.195
-0.155
-0.17
-0.13
-0.145
-0.115
-0.12
-0.08
-0.1
-0.04
-0.005
0.06
0.04
0.06
0.025
0.02
-0.005
0.04
0.015
0.04
0.02
0.04
-0.01
0.145
0.44
0.795
0.56
0.19
0.16
0.19
0.15
0.18
0.17
0.205
0.2
0.24
0.225
0.26
0.26
0.285
0.285
0.33
0.32
0.36
0.36
0.4
0.4
0.44
0.43
0.48
0.485
0.53
0.525
0.58
0.56
0.57
0.53
0.54
0.505
0.53
0.49
0.525
0.5
0.54
0.525
0.55
0.54
0.575
0.56
0.6
0.58
0.61
0.6
0.635
0.625
0.66
0.64
0.665
0.645
0.67
0.665
0.695
0.665
0.705
0.685
0.72
0.7
0.74
0.72
0.74
0.725
0.76
0.73
0.765
0.75
0.795
0.81
0.88
0.855
0.88
0.83
0.825
0.78
0.805
0.78
0.805
0.77
0.785
0.725
0.86
1.16
1.56
1.32
0.92
0.84
0.845
0.79
0.815
0.79
0.82
0.795
0.81
0.805
0.825
0.795
0.84
0.81
0.84
0.82
0.85
0.83
0.865
0.84
0.89
0.885
0.93
0.92
0.96
0.945
0.985
0.95
0.945
0.895
0.88
0.825
0.82
0.78
0.79
0.76
0.76
0.735
0.76
0.72
0.735
0.7
0.72
0.685
0.72
0.68
0.72
0.69
0.7
0.68
0.7
0.66
0.68
0.64
0.66
0.63
0.655
0.62
0.64
0.61
0.615
0.585
0.62
0.565
0.6
0.55
0.57
0.545
0.565
0.545
0.61
0.63
0.63
0.6
0.585
0.51
0.5
0.465
0.475
0.445
0.46
0.42
0.385
0.44
0.745
1.165
1.0
0.52
0.44
0.4
0.41
0.36
0.38
0.36
0.37
0.345
0.36
0.34
0.36
0.34
0.345
0.33
0.35
0.325
0.36
0.34
0.37
0.35
0.4
0.4
0.43
0.44
0.455
0.45
0.45
0.4
0.38
0.32
0.305
0.255
0.25
0.21
0.225
0.2
0.2
0.175
0.19
0.155
0.17
0.155
0.17
0.155
0.18
0.155
0.18
0.145
0.16
0.15
0.15
0.125
0.15
0.13
0.15
0.12
0.13
0.11
0.135
0.1
0.12
0.095
0.105
0.09
0.1
0.08
0.1
0.085
0.105
0.1
0.155
0.175
0.185
0.155
0.14
0.08
0.08
0.055
0.06
0.03
0.03
0.01
-0.02
0.05
0.4
0.78
0.545
0.065
0.05
0.03
0.025
-0.01
0.01
-0.015
0.005
-0.01
0.01
-0.015
0.02
-0.005
0.015
0.0
0.015
0.015
0.045
0.03
0.05
0.055
0.09
0.095
0.14
0.125
0.16
0.15
0.155
0.1
0.085
0.025
0.01
-0.025
-0.03
-0.065
-0.055
-0.08
-0.06
-0.08
-0.08
-0.08
-0.08
-0.1
-0.065
-0.08
-0.06
-0.075
-0.065
-0.08
-0.055
-0.095
-0.07
-0.08
-0.07
-0.1
-0.08
-0.1
-0.075
-0.08
-0.08
-0.095
-0.08
-0.11
-0.095
-0.1
-0.08
-0.105
-0.08
-0.105
-0.08
-0.065
0.01
0.005
0.01
-0.02
-0.06
-0.115
-0.105
-0.12
-0.11
-0.15
-0.13
-0.185
-0.19
-0.005
0.4
0.54
0.185
-0.155
-0.115
-0.165
-0.155
-0.17
-0.16
-0.18
-0.165
-0.175
-0.17
-0.185
-0.17
-0.18
-0.155
-0.175
-0.15
-0.155
-0.13
-0.14
-0.105
-0.105
-0.07
-0.065
-0.05
-0.04
-0.03
-0.055
-0.055
-0.1
-0.12
-0.165
-0.18
-0.23
-0.23
-0.24
-0.24
-0.275
-0.26
-0.27
-0.26
-0.28
-0.265
-0.28
-0.26
-0.27
-0.255
-0.27
-0.26
-0.26
-0.255
-0.275
-0.265
-0.28
-0.27
-0.29
-0.27
-0.3
-0.28
-0.29
-0.28
-0.3
-0.285
-0.305
-0.28
-0.3
-0.295
-0.3
-0.295
-0.31
-0.275
-0.26
-0.2
-0.22
-0.21
-0.235
-0.28
-0.32
-0.295
-0.32
-0.315
-0.32
-0.32
-0.39
-0.32
-0.1
0.335
0.24
-0.17
-0.315
-0.28
-0.32
-0.32
-0.34
-0.32
-0.345
-0.335
-0.34
-0.32
-0.335
-0.32
-0.335
-0.31
-0.315
-0.305
-0.31
-0.29
-0.295
-0.27
-0.265
-0.23
-0.235
-0.2
-0.215
-0.19
-0.2
-0.19
-0.235
-0.26
-0.29
-0.31
-0.345
-0.34
-0.37
-0.34
-0.375
-0.36
-0.37
-0.355
-0.37
-0.35
-0.355
-0.335
-0.35
-0.325
-0.34
-0.32
-0.34
-0.32
-0.35
-0.33
-0.35
-0.32
-0.35
-0.335
-0.355
-0.335
-0.355
-0.34
-0.36
-0.34
-0.355
-0.34
-0.345
-0.32
-0.35
-0.335
-0.35
-0.315
-0.305
-0.24
-0.26
-0.24
-0.27
-0.285
-0.34
-0.32
-0.34
-0.34
-0.35
-0.35
-0.4
-0.38
-0.21
0.19
0.36
0.04
-0.305
-0.28
-0.335
-0.33
-0.35
-0.33
-0.35
-0.34
-0.345
-0.32
-0.35
-0.33
-0.335
-0.32
-0.33
-0.31
-0.32
-0.295
-0.305
-0.28
-0.28
-0.24
-0.24
-0.22
-0.22
-0.195
-0.2
-0.185
-0.215
-0.235
-0.275
-0.3
-0.32
-0.32
-0.34
-0.32
-0.35
-0.34
-0.36
-0.345
-0.36
-0.34
-0.355
-0.335
-0.34
-0.33
-0.335
-0.32
-0.32
-0.32
-0.33
-0.315
-0.32
-0.32
-0.345
-0.335
-0.35
-0.335
-0.355
-0.335
-0.35
-0.335
-0.36
-0.35
-0.36
-0.35
-0.37
-0.35
-0.375
-0.36
-0.375
-0.35
-0.36
-0.325
-0.29
-0.265
-0.295
-0.3
-0.375
-0.38
-0.39
-0.38
-0.4
-0.4
-0.43
-0.45
-0.47
-0.22
0.205
0.325
-0.12
-0.38
-0.385
-0.415
-0.435
-0.42
-0.44
-0.415
-0.44
-0.42
-0.435
-0.43
-0.44
-0.42
-0.435
-0.4
-0.42
-0.4
-0.4
-0.38
-0.375
-0.355
-0.35
-0.31
-0.295
-0.27
-0.27
-0.24
-0.28
-0.28
-0.32
-0.36
-0.4
-0.41
-0.425
-0.42
-0.435
-0.43
-0.455
-0.43
-0.45
-0.435
-0.44
-0.435
-0.44
-0.43
-0.44
-0.42
-0.425
-0.42
-0.415
-0.415
-0.42
-0.42
-0.42
-0.415
-0.42
-0.415
-0.42
-0.4
-0.42
-0.415
-0.42
-0.4
-0.415
-0.4
-0.4
-0.4
-0.4
-0.4
-0.4
-0.385
-0.395
-0.38
-0.38
-0.34
-0.285
-0.27
-0.29
-0.285
-0.345
-0.36
-0.375
-0.36
-0.385
-0.39
-0.4
-0.4
-0.435
-0.23
0.155
0.375
-0.01
-0.355
-0.335
-0.35
-0.36
-0.355
-0.37
-0.355
-0.36
-0.345
-0.345
-0.335
-0.335
-0.32
-0.315
-0.305
-0.3
-0.28
-0.275
-0.24
-0.24
-0.22
-0.195
-0.165
-0.15
-0.115
-0.12
-0.11
-0.115
-0.13
-0.18
-0.2
-0.24
-0.24
-0.28
-0.28
-0.315
-0.3
-0.315
-0.31
-0.32
-0.3
-0.32
-0.305
-0.31
-0.29
-0.3
-0.29
-0.295
-0.29
-0.3
-0.3
-0.315
-0.31
-0.315
-0.31
-0.32
-0.31
-0.32
-0.32
-0.32
-0.325
-0.335
-0.325
-0.34
-0.325
-0.335
-0.33
-0.34
-0.335
-0.34
-0.34
-0.345
-0.335
-0.34
-0.32
-0.27
-0.23
-0.24
-0.24
-0.295
-0.34
-0.355
-0.345
-0.36
-0.37
-0.375
-0.375
-0.435
-0.32
-0.015
0.385
0.125
-0.315
-0.34
-0.34
-0.37
-0.37
-0.375
-0.36
-0.375
-0.36
-0.37
-0.36
-0.36
-0.355
-0.35
-0.32
-0.34
-0.31
-0.31
-0.29
-0.28
-0.255
-0.235
-0.2
-0.2
-0.17
-0.165
-0.145
-0.155
-0.16
-0.2
-0.23
-0.265
-0.28
-0.305
-0.31
-0.33
-0.315
-0.325
-0.32
-0.31
-0.31
-0.31
-0.285
-0.29
-0.275
-0.28
-0.26
-0.26
-0.25
-0.24
-0.25
-0.255
-0.235
-0.24
-0.235
-0.24
-0.235
-0.235
-0.22
-0.22
-0.2
-0.215
-0.2
-0.195
-0.19
-0.195
-0.18
-0.18
-0.17
-0.18
-0.165
-0.17
-0.14
-0.155
-0.135
-0.13
-0.11
-0.075
-0.02
-0.02
-0.01
-0.04
-0.08
-0.1
-0.08
-0.095
-0.08
-0.1
-0.08
-0.12
-0.08
0.155
0.59
0.545
0.14
-0.04
-0.005
-0.03
-0.03
-0.035
-0.015
-0.015
-0.005
0.005
0.02
0.0
0.02
0.025
0.04
0.055
0.07
0.08
0.09
0.105
0.14
0.145
0.18
0.2
0.24
0.24
0.25
0.255
0.25
0.215
0.2
0.17
0.145
0.125
0.125
0.105
0.11
0.105
0.115
0.11
0.12
0.12
0.12
0.13
0.145
0.15
0.165
0.155
0.165
0.155
0.165
0.17
0.16
0.16
0.17
0.155
0.17
0.155
0.17
0.16
0.165
0.165
0.18
0.18
0.185
0.18
0.185
0.18
0.2
0.19
0.19
0.2
0.2
0.185
0.2
0.19
0.22
0.26
0.305
0.305
0.315
0.28
0.24
0.205
0.22
0.22
0.215
0.19
0.21
0.16
0.18
0.4
0.82
0.82
0.42
0.22
0.245
0.225
0.21
0.205
0.22
0.21
0.21
0.21
0.225
0.22
0.24
0.22
0.24
0.24
0.25
0.26
0.265
0.27
0.28
0.29
0.305
0.325
0.35
0.345
0.36
0.36
0.35
0.33
0.3
0.26
0.25
0.215
0.21
0.19
0.185
0.19
0.185
0.16
0.18
0.165
0.18
0.175
0.19
0.18
0.2
0.2
0.2
0.185
0.2
0.18
0.19
0.185
0.18
0.18
0.17
0.16
0.17
0.16
0.17
0.17
0.165
0.15
0.155
0.15
0.155
0.15
0.155
0.15
0.155
0.15
0.15
0.145
0.15
0.145
0.17
0.205
0.25
0.24
0.24
0.195
0.155
0.145
0.15
0.14
0.145
0.13
0.13
0.09
0.155
0.405
0.84
0.7
0.285
0.17
0.18
0.125
0.13
0.12
0.135
0.12
0.13
0.11
0.125
0.12
0.13
0.13
0.14
0.125
0.14
0.15
0.155
0.16
0.18
0.18
0.21
0.225
0.25
0.25
0.27
0.26
0.27
0.24
0.205
0.17
0.145
0.12
0.11
0.09
0.09
0.08
0.08
0.08
0.08
0.065
0.08
0.08
0.08
0.065
0.08
0.065
0.08
0.08
0.08
0.06
0.08
0.065
0.06
0.06
0.05
0.045
0.05
0.04
0.05
0.03
0.04
0.04
0.04
0.03
0.03
0.025
0.03
0.02
0.02
0.01
0.02
0.01
0.02
0.01
0.02
0.015
0.045
0.09
0.12
0.105
0.095
0.05
0.01
-0.005
-0.005
-0.005
-0.02
-0.04
-0.045
-0.08
0.045
0.38
0.73
0.45
0.02
0.01
-0.015
-0.035
-0.04
-0.055
-0.04
-0.05
-0.05
-0.05
-0.05
-0.04
-0.05
-0.04
-0.04
-0.05
-0.03
-0.025
-0.02
-0.01
0.01
0.02
0.05
0.055
0.08
0.085
0.1
0.085
0.08
0.04
0.02
-0.02
-0.05
-0.075
-0.075
-0.095
-0.08
-0.105
-0.11
-0.115
-0.11
-0.12
-0.1
-0.11
-0.1
-0.1
-0.095
-0.1
-0.1
-0.1
-0.095
-0.1
-0.105
-0.12
-0.11
-0.12
-0.11
-0.115
-0.11
-0.12
-0.12
-0.12
-0.12
-0.13
-0.12
-0.135
-0.12
-0.12
-0.125
-0.135
-0.13
-0.135
-0.135
-0.14
-0.14
-0.13
-0.135
-0.13
-0.11
-0.055
-0.025
-0.035
-0.045
-0.095
-0.13
-0.14
-0.135
-0.155
-0.165
-0.17
-0.175
-0.22
-0.14
0.15
0.58
0.365
-0.07
-0.14
-0.14
-0.165
-0.175
-0.175
-0.18
-0.19
-0.18
-0.18
-0.18
-0.175
-0.17
-0.165
-0.165
-0.155
-0.14
-0.15
-0.12
-0.12
-0.11
-0.08
-0.07
-0.05
-0.03
-0.025
-0.005
-0.015
-0.03
-0.06
-0.08
-0.12
-0.145
-0.18
-0.18
-0.2
-0.2
-0.2
-0.21
-0.2
-0.2
-0.21
-0.2
-0.195
-0.185
-0.18
-0.17
-0.18
-0.17
-0.175
-0.175
-0.175
-0.175
-0.175
-0.18
-0.18
-0.18
-0.175
-0.18
-0.19
-0.17
-0.185
-0.18
-0.18
-0.18
-0.195
-0.18
-0.195
-0.185
-0.195
-0.19
-0.19
-0.19
-0.21
-0.2
-0.2
-0.195
-0.215
-0.21
-0.2
-0.17
-0.12
-0.13
-0.145
-0.165
-0.235
-0.255
-0.27
-0.28
-0.305
-0.305
-0.335
-0.37
-0.37
-0.145
0.25
0.28
-0.145
-0.375
-0.37
-0.39
-0.425
-0.43
-0.45
-0.45
-0.46
-0.46
-0.485
-0.495
-0.5
-0.5
-0.515
-0.51
-0.515
-0.51
-0.51
-0.505
-0.505
-0.49
-0.475
-0.46
-0.455
-0.455
-0.46
-0.45
-0.48
-0.495
-0.535
-0.56
-0.61
-0.645
-0.67
-0.68
-0.695
-0.7
-0.715
-0.71
-0.72
-0.72
-0.72
-0.72
-0.72
-0.72
-0.72
-0.72
-0.72
-0.72
-0.72
-0.735
-0.74
-0.735
-0.75
-0.75
-0.75
-0.74
-0.745
-0.75
-0.745
-0.745
-0.74
-0.745
-0.755
-0.735
-0.72
-0.72
-0.72
-0.72
-0.72
-0.71
-0.72
-0.715
-0.71
-0.695
-0.695
-0.69
-0.66
-0.62
-0.56
-0.54
-0.56
-0.545
-0.6
-0.62
-0.605
-0.595
-0.595
-0.59
-0.595
-0.59
-0.62
-0.415
-0.05
0.175
-0.155
-0.48
-0.435
-0.435
-0.44
-0.425
-0.41
-0.375
-0.375
-0.36
-0.32
-0.31
-0.29
-0.26
-0.255
-0.21
-0.19
-0.16
-0.14
-0.11
-0.08
-0.04
-0.01
0.04
0.08
0.11
0.125
0.155
0.175
0.18
0.165
0.15
0.145
0.14
0.14
0.15
0.155
0.17
0.18
0.21
0.22
0.26
0.285
0.3
0.32
0.34
0.36
0.39
0.42
0.43
0.455
0.475
0.475
0.5
0.52
0.53
0.545
0.565
0.585
0.605
0.61
0.635
0.64
0.67
0.68
0.7
0.72
0.72
0.74
0.75
0.75
0.78
0.78
0.79
0.805
0.82
0.825
0.86
0.88
0.93
1.0
1.0
1.0
1.005
0.96
0.94
0.96
0.96
0.96
0.98
0.96
0.945
0.94
1.15
1.545
1.695
1.345
1.065
1.085
1.065
1.06
1.06
1.06
1.08
1.08
1.085
1.1
1.105
1.115
1.13
1.14
1.145
1.15
1.165
1.17
1.18
1.2
1.205
1.22
1.24
1.265
1.28
1.28
1.305
1.3
1.3
1.275
1.26
1.22
1.21
1.185
1.185
1.18
1.18
1.18
1.19
1.175
1.18
1.17
1.19
1.2
1.205
1.2
1.205
1.21
1.21
1.205
1.22
1.2
1.215
1.205
1.215
1.205
1.205
1.2
1.21
1.2
1.205
1.2
1.2
1.2
1.205
1.2
1.2
1.185
1.2
1.185
1.185
1.175
1.175
1.165
1.17
1.175
1.225
1.255
1.26
1.23
1.215
1.165
1.145
1.135
1.125
1.115
1.1
1.08
1.05
1.08
1.3
1.695
1.72
1.32
1.115
1.105
1.08
1.045
1.045
1.06
1.04
1.03
1.04
1.02
1.02
1.02
1.02
1.015
1.02
1.005
1.015
1.015
1.015
1.01
1.025
1.025
1.05
1.06
1.07
1.08
1.085
1.07
1.055
1.01
0.97
0.95
0.9
0.88
0.865
0.845
0.84
0.82
0.81
0.795
0.8
0.785
0.785
0.785
0.785
0.77
0.77
0.76
0.76
0.74
0.74
0.72
0.72
0.7
0.7
0.69
0.68
0.66
0.66
0.65
0.65
0.63
0.625
0.615
0.61
0.585
0.6
0.58
0.58
0.565
0.56
0.54
0.53
0.525
0.52
0.525
0.535
0.585
0.615
0.58
0.565
0.505
0.465
0.45
0.44
0.42
0.405
0.39
0.365
0.32
0.44
0.76
1.13
0.84
0.4
0.37
0.345
0.32
0.3
0.28
0.285
0.28
0.28
0.255
0.26
0.245
0.25
0.24
0.23
0.24
0.24
0.24
0.24
0.24
0.24
0.25
0.27
0.27
0.29
0.28
0.28
0.28
0.27
0.23
0.185
0.145
0.11
0.09
0.06
0.04
0.03
0.005
-0.01
-0.015
-0.03
-0.04
-0.04
-0.05
-0.05
-0.05
-0.06
-0.065
-0.065
-0.08
-0.08
-0.1
-0.11
-0.12
-0.12
-0.135
-0.15
-0.16
-0.165
-0.18
-0.18
-0.195
-0.195
-0.21
-0.22
-0.225
-0.23
-0.24
-0.235
-0.255
-0.255
-0.27
-0.275
-0.29
-0.275
-0.27
-0.215
-0.21
-0.23
-0.24
-0.28
-0.34
-0.34
-0.35
-0.36
-0.38
-0.39
-0.42
-0.455
-0.34
0.01
0.345
0.04
-0.4
-0.385
-0.4
-0.415
-0.435
-0.43
-0.435
-0.44
-0.45
-0.43
-0.44
-0.44
-0.44
-0.435
-0.44
-0.43
-0.42
-0.415
-0.4
-0.39
-0.38
-0.37
-0.35
-0.33
-0.315
-0.3
-0.31
-0.305
-0.33
-0.345
-0.38
-0.4
-0.44
-0.455
-0.47
-0.485
-0.49
-0.49
-0.5
-0.49
-0.5
-0.49
-0.485
-0.49
-0.485
-0.47
-0.47
-0.46
-0.47
-0.47
-0.48
-0.475
-0.485
-0.485
-0.49
-0.48
-0.485
-0.485
-0.49
-0.49
-0.49
-0.48
-0.485
-0.485
-0.485
-0.485
-0.5
-0.485
-0.485
-0.485
-0.475
-0.485
-0.48
-0.46
-0.42
-0.36
-0.365
-0.36
-0.39
-0.44
-0.465
-0.46
-0.47
-0.47
-0.485
-0.485
-0.52
-0.51
-0.26
0.17
0.15
-0.275
-0.46
-0.435
-0.47
-0.46
-0.475
-0.47
-0.47
-0.47
-0.47
-0.455
-0.455
-0.455
-0.46
-0.44
-0.43
-0.435
-0.43
-0.415
-0.4
-0.38
-0.37
-0.35
-0.33
-0.3
-0.3
-0.28
-0.29
-0.3
-0.32
-0.355
-0.385
-0.42
-0.435
-0.45
-0.47
-0.49
-0.49
-0.49
-0.51
-0.49
-0.505
-0.5
-0.5
-0.5
-0.5
-0.49
-0.485
-0.485
-0.495
-0.49
-0.5
-0.505
-0.5
-0.51
-0.52
-0.52
-0.535
-0.52
-0.54
-0.535
-0.52
-0.535
-0.56
-0.54
-0.55
-0.55
-0.55
-0.54
-0.56
-0.56
-0.54
-0.53
-0.495
-0.45
-0.455
-0.45
-0.485
-0.54
-0.55
-0.54
-0.55
-0.555
-0.555
-0.56
-0.615
-0.575
-0.32
0.1
-0.005
-0.42
-0.535
-0.515
-0.535
-0.54
-0.56
-0.535
-0.55
-0.54
-0.52
-0.52
-0.52
-0.515
-0.51
-0.49
-0.485
-0.47
-0.465
-0.46
-0.44
-0.425
-0.4
-0.38
-0.38
-0.355
-0.345
-0.32
-0.32
-0.33
-0.34
-0.36
-0.39
-0.41
-0.435
-0.43
-0.44
-0.435
-0.44
-0.44
-0.44
-0.44
-0.435
-0.425
-0.42
-0.4
-0.4
-0.395
-0.395
-0.38
-0.38
-0.37
-0.37
-0.36
-0.36
-0.355
-0.37
-0.355
-0.355
-0.35
-0.34
-0.335
-0.34
-0.32
-0.335
-0.325
-0.315
-0.315
-0.32
-0.3
-0.29
-0.255
-0.2
-0.19
-0.2
-0.195
-0.235
-0.26
-0.27
-0.275
-0.275
-0.27
-0.275
-0.28
-0.32
-0.12
0.24
0.4
0.045
-0.215
-0.195
-0.22
-0.235
-0.225
-0.225
-0.215
-0.215
-0.2
-0.2
-0.195
-0.195
-0.17
-0.18
-0.165
-0.16
-0.15
-0.14
-0.12
-0.12
-0.105
-0.08
-0.07
-0.06
-0.035
-0.03
-0.02
-0.03
-0.02
-0.05
-0.07
-0.09
-0.1
-0.135
-0.12
-0.13
-0.12
-0.135
-0.13
-0.135
-0.13
-0.135
-0.13
-0.12
-0.12
-0.115
-0.115
-0.12
-0.105
-0.095
-0.1
-0.12
-0.11
-0.115
-0.12
-0.12
-0.115
-0.115
-0.11
-0.13
-0.12
-0.12
-0.12
-0.13
-0.135
-0.13
-0.11
-0.095
-0.05
-0.06
-0.06
-0.08
-0.135
-0.165
-0.15
-0.155
-0.165
-0.175
-0.165
-0.22
-0.18
0.05
0.46
0.4
0.02
-0.145
-0.14
-0.175
-0.175
-0.185
-0.175
-0.18
-0.17
-0.18
-0.175
-0.18
-0.165
-0.17
-0.16
-0.165
-0.15
-0.155
-0.135
-0.135
-0.1
-0.105
-0.065
-0.055
-0.03
-0.02
-0.005
0.0
-0.005
-0.04
-0.055
-0.095
-0.11
-0.145
-0.14
-0.155
-0.15
-0.175
-0.155
-0.17
-0.165
-0.165
-0.165
-0.165
-0.15
-0.165
-0.135
-0.14
-0.135
-0.145
-0.125
-0.14
-0.13
-0.14
-0.135
-0.14
-0.12
-0.14
-0.13
-0.13
-0.12
-0.12
-0.115
-0.135
-0.12
-0.12
-0.08
-0.07
-0.005
-0.005
0.0
-0.015
-0.065
-0.12
-0.095
-0.1
-0.095
-0.11
-0.11
-0.135
-0.145
0.08
0.49
0.635
0.255
-0.08
-0.05
-0.08
-0.075
-0.095
-0.07
-0.08
-0.05
-0.075
-0.05
-0.065
-0.06
-0.05
-0.04
-0.025
-0.015
-0.01
0.005
0.015
0.05
0.065
0.09
0.11
0.14
0.15
0.18
0.18
0.175
0.145
0.13
0.09
0.065
0.03
0.04
0.025
0.03
0.015
0.025
0.01
0.02
0.01
0.02
0.01
0.04
0.045
0.06
0.05
0.065
0.06
0.08
0.065
0.08
0.065
0.08
0.07
0.085
0.08
0.085
0.08
0.09
0.085
0.1
0.085
0.105
0.105
0.14
0.175
0.225
0.21
0.21
0.165
0.125
0.11
0.12
0.1
0.105
0.08
0.085
0.03
0.15
0.46
0.88
0.605
0.165
0.13
0.13
0.095
0.1
0.09
0.105
0.09
0.105
0.095
0.12
0.1
0.12
0.12
0.13
0.13
0.155
0.145
0.175
0.17
0.2
0.21
0.245
0.25
0.29
0.28
0.3
0.295
0.28
0.24
0.205
0.15
0.14
0.115
0.105
0.085
0.1
0.08
0.085
0.065
0.08
0.08
0.09
0.08
0.1
0.08
0.09
0.095
0.09
0.08
0.1
0.08
0.085
0.065
0.085
0.06
0.065
0.05
0.06
0.05
0.05
0.04
0.06
0.04
0.055
0.085
0.14
0.125
0.135
0.09
0.04
0.01
0.02
-0.01
-0.015
-0.03
-0.04
-0.1
-0.03
0.24
0.68
0.495
0.08
-0.06
-0.04
-0.08
-0.095
-0.115
-0.105
-0.12
-0.115
-0.135
-0.125
-0.15
-0.14
-0.165
-0.14
-0.155
-0.14
-0.155
-0.13
-0.135
-0.11
-0.115
-0.08
-0.08
-0.04
-0.06
-0.04
-0.065
-0.08
-0.135
-0.165
-0.215
-0.24
-0.28
-0.28
-0.31
-0.3
-0.32
-0.32
-0.34
-0.335
-0.345
-0.34
-0.355
-0.32
-0.35
-0.34
-0.35
-0.335
-0.355
-0.335
-0.36
-0.34
-0.36
-0.355
-0.36
-0.355
-0.38
-0.36
-0.38
-0.37
-0.385
-0.365
-0.37
-0.31
-0.28
-0.275
-0.29
-0.305
-0.36
-0.375
-0.375
-0.38
-0.395
-0.39
-0.42
-0.435
-0.355
-0.025
0.36
0.13
-0.32
-0.34
-0.37
-0.355
-0.375
-0.36
-0.37
-0.35
-0.39
-0.345
-0.355
-0.32
-0.35
-0.325
-0.32
-0.3
-0.31
-0.29
-0.29
-0.255
-0.24
-0.2
-0.18
-0.145
-0.135
-0.11
-0.11
-0.08
-0.135
-0.15
-0.2
-0.21
-0.24
-0.235
-0.26
-0.24
-0.255
-0.235
-0.24
-0.22
-0.23
-0.2
-0.215
-0.19
-0.19
-0.165
-0.175
-0.14
-0.155
-0.13
-0.14
-0.115
-0.12
-0.1
-0.11
-0.095
-0.1
-0.08
-0.08
-0.06
-0.07
-0.04
-0.04
0.04
0.08
0.085
0.08
0.045
-0.005
0.01
-0.01
0.015
0.0
0.02
-0.01
-0.03
0.085
0.44
0.785
0.54
0.1
0.12
0.09
0.09
0.065
0.095
0.08
0.1
0.095
0.12
0.11
0.14
0.13
0.155
0.155
0.18
0.18
0.21
0.205
0.24
0.26
0.295
0.305
0.35
0.36
0.4
0.38
0.385
0.36
0.345
0.305
0.28
0.24
0.245
0.24
0.24
0.22
0.24
0.215
0.24
0.24
0.25
0.24
0.26
0.25
0.28
0.265
0.28
0.28
0.3
0.29
0.29
0.285
0.3
0.285
0.305
0.285
0.3
0.29
0.305
0.3
0.32
0.34
0.42
0.41
0.41
0.385
0.345
0.3
0.32
0.295
0.3
0.28
0.28
0.23
0.24
0.43
0.82
0.94
0.59
0.29
0.33
0.28
0.28
0.255
0.28
0.255
0.28
0.255
0.27
0.255
0.27
0.265
0.27
0.26
0.285
0.28
0.29
0.29
0.325
0.33
0.345
0.355
0.39
0.385
0.4
0.385
0.38
0.34
0.325
0.28
0.255
0.22
0.225
0.21
0.2
0.19
0.195
0.18
0.185
0.18
0.2
0.18
0.19
0.185
0.2
0.185
0.19
0.19
0.19
0.175
0.185
0.17
0.18
0.165
0.175
0.155
0.155
0.15
0.16
0.15
0.15
0.155
0.185
0.215
0.24
0.22
0.215
0.155
0.13
0.12
0.12
0.095
0.09
0.08
0.05
0.005
0.165
0.485
0.74
0.45
0.095
0.1
0.06
0.03
0.04
0.02
0.03
0.015
0.005
-0.005
0.015
-0.01
0.005
-0.005
-0.005
-0.015
-0.01
-0.02
-0.01
-0.015
-0.005
0.005
0.02
0.02
0.025
0.02
0.04
0.02
0.01
-0.035
-0.05
-0.08
-0.105
-0.12
-0.125
-0.145
-0.145
-0.165
-0.16
-0.17
-0.165
-0.17
-0.165
-0.18
-0.165
-0.165
-0.15
-0.155
-0.145
-0.16
-0.155
-0.165
-0.16
-0.17
-0.155
-0.165
-0.165
-0.175
-0.16
-0.165
-0.165
-0.175
-0.155
-0.16
-0.12
-0.08
-0.08
-0.095
-0.115
-0.16
-0.17
-0.175
-0.175
-0.19
-0.185
-0.2
-0.23
-0.215
-0.005
0.36
0.41
0.05
-0.155
-0.165
-0.185
-0.195
-0.195
-0.195
-0.19
-0.2
-0.2
-0.2
-0.19
-0.19
-0.18
-0.19
-0.175
-0.18
-0.17
-0.17
-0.14
-0.145
-0.12
-0.115
-0.08
-0.07
-0.04
-0.04
-0.025
-0.035
-0.05
-0.08
-0.105
-0.14
-0.15
-0.16
-0.155
-0.16
-0.155
-0.17
-0.165
-0.17
-0.17
-0.165
-0.16
-0.165
-0.145
-0.15
-0.145
-0.14
-0.135
-0.14
-0.14
-0.135
-0.14
-0.14
-0.14
-0.14
-0.14
-0.15
-0.145
-0.14
-0.135
-0.14
-0.135
-0.14
-0.13
-0.13
-0.13
-0.11
-0.075
-0.02
-0.02
-0.035
-0.05
-0.11
-0.13
-0.12
-0.12
-0.13
-0.125
-0.14
-0.17
-0.175
0.055
0.47
0.59
0.205
-0.075
-0.06
-0.1
-0.115
-0.115
-0.12
-0.12
-0.115
-0.115
-0.115
-0.11
-0.105
-0.1
-0.1
-0.08
-0.08
-0.08
-0.065
-0.055
-0.035
-0.02
-0.01
0.03
0.04
0.06
0.065
0.08
0.08
0.06
0.02
-0.01
-0.04
-0.06
-0.08
-0.08
-0.08
-0.095
-0.08
-0.08
-0.105
-0.1
-0.115
-0.105
-0.105
-0.1
-0.08
-0.08
-0.08
-0.08
-0.08
-0.095
-0.095
-0.1
-0.1
-0.105
-0.11
-0.11
-0.115
-0.12
-0.115
-0.12
-0.115
-0.125
-0.12
-0.14
-0.15
-0.15
-0.155
-0.15
-0.145
-0.14
-0.11
-0.05
-0.06
-0.08
-0.11
-0.18
-0.195
-0.2
-0.22
-0.235
-0.24
-0.26
-0.3
-0.3
-0.07
0.36
0.385
-0.03
-0.275
-0.255
-0.28
-0.295
-0.305
-0.32
-0.325
-0.325
-0.335
-0.335
-0.335
-0.335
-0.32
-0.34
-0.335
-0.33
-0.325
-0.32
-0.305
-0.295
-0.29
-0.26
-0.24
-0.23
-0.225
-0.215
-0.215
-0.225
-0.24
-0.26
-0.31
-0.345
-0.36
-0.38
-0.39
-0.4
-0.415
-0.415
-0.41
-0.415
-0.415
-0.4
-0.4
-0.4
-0.385
-0.39
-0.39
-0.385
-0.39
-0.39
-0.385
-0.38
-0.38
-0.38
-0.385
-0.38
-0.37
-0.37
-0.38
-0.36
-0.37
-0.36
-0.36
-0.36
-0.355
-0.36
-0.355
-0.345
-0.35
-0.335
-0.315
-0.28
-0.22
-0.215
-0.22
-0.24
-0.28
-0.3
-0.3
-0.295
-0.31
-0.32
-0.315
-0.345
-0.34
-0.115
0.29
0.335
-0.06
-0.275
-0.22
-0.25
-0.26
-0.255
-0.24
-0.24
-0.22
-0.225
-0.215
-0.2
-0.2
-0.195
-0.175
-0.16
-0.15
-0.13
-0.115
-0.115
-0.08
-0.07
-0.04
-0.015
-0.005
0.01
0.02
0.025
0.04
0.02
-0.005
-0.02
-0.035
-0.055
-0.06
-0.06
-0.07
-0.05
-0.06
-0.06
-0.05
-0.035
-0.015
-0.015
0.005
0.0
0.02
0.03
0.03
0.03
0.04
0.045
0.05
0.05
0.055
0.06
0.06
0.06
0.07
0.08
0.095
0.1
0.1
0.1
0.12
0.11
0.13
0.125
0.13
0.145
0.155
0.17
0.215
0.265
0.28
0.28
0.26
0.21
0.2
0.2
0.2
0.185
0.21
0.18
0.155
0.205
0.45
0.84
0.75
0.345
0.26
0.265
0.24
0.23
0.245
0.24
0.25
0.25
0.255
0.28
0.27
0.27
0.29
0.29
0.305
0.31
0.32
0.32
0.34
0.33
0.365
0.365
0.38
0.4
0.42
0.41
0.425
0.425
0.41
0.38
0.37
0.34
0.34
0.325
0.34
0.33
0.325
0.32
0.325
0.325
0.33
0.34
0.345
0.35
0.36
0.36
0.365
0.36
0.37
0.38
0.36
0.35
0.36
0.36
0.365
0.36
0.37
0.36
0.38
0.365
0.37
0.365
0.375
0.37
0.38
0.37
0.385
0.37
0.4
0.405
0.455
0.475
0.485
0.46
0.43
0.4
0.39
0.37
0.385
0.36
0.365
0.345
0.32
0.445
0.74
1.04
0.8
0.41
0.41
0.38
0.38
0.36
0.36
0.36
0.36
0.35
0.36
0.35
0.36
0.35
0.36
0.36
0.37
0.36
0.36
0.365
0.38
0.4
0.405
0.41
0.425
0.43
0.45
0.45
0.46
0.44
0.42
0.385
0.365
0.335
0.32
0.3
0.305
0.28
0.28
0.265
0.27
0.26
0.28
0.26
0.265
0.26
0.27
0.26
0.27
0.255
0.265
0.245
0.25
0.24
0.245
0.225
0.24
0.215
0.24
0.225
0.21
0.2
0.21
0.2
0.2
0.185
0.185
0.17
0.19
0.165
0.18
0.175
0.21
0.25
0.28
0.25
0.245
0.19
0.155
0.15
0.14
0.12
0.11
0.095
0.07
0.045
0.225
0.605
0.84
0.46
0.1
0.12
0.1
0.065
0.065
0.06
0.065
0.06
0.065
0.055
0.065
0.06
0.06
0.06
0.08
0.08
0.085
0.08
0.095
0.09
0.105
0.12
0.15
0.15
0.17
0.165
0.18
0.155
0.145
0.1
0.08
0.04
0.01
-0.02
-0.03
-0.06
-0.055
-0.075
-0.08
-0.095
-0.08
-0.105
-0.09
-0.11
-0.11
-0.115
-0.12
-0.135
-0.14
-0.155
-0.145
-0.17
-0.165
-0.18
-0.18
-0.2
-0.195
-0.21
-0.215
-0.22
-0.235
-0.24
-0.24
-0.26
-0.25
-0.27
-0.27
-0.28
-0.28
-0.29
-0.275
-0.27
-0.22
-0.2
-0.215
-0.235
-0.28
-0.34
-0.335
-0.355
-0.355
-0.375
-0.38
-0.415
-0.44
-0.275
0.105
0.305
-0.05
-0.43
-0.375
-0.4
-0.4
-0.43
-0.415
-0.42
-0.42
-0.42
-0.4
-0.425
-0.4
-0.425
-0.41
-0.415
-0.395
-0.4
-0.375
-0.38
-0.35
-0.355
-0.32
-0.315
-0.28
-0.27
-0.25
-0.26
-0.26
-0.28
-0.305
-0.35
-0.36
-0.39
-0.4
-0.42
-0.425
-0.43
-0.42
-0.435
-0.42
-0.42
-0.4
-0.4
-0.38
-0.39
-0.38
-0.38
-0.36
-0.375
-0.36
-0.375
-0.37
-0.36
-0.36
-0.36
-0.36
-0.355
-0.335
-0.345
-0.34
-0.345
-0.32
-0.34
-0.32
-0.32
-0.32
-0.32
-0.31
-0.3
-0.275
-0.26
-0.195
-0.17
-0.165
-0.18
-0.215
-0.26
-0.26
-0.26
-0.255
-0.27
-0.26
-0.28
-0.3
-0.14
0.255
0.45
0.12
-0.24
-0.18
-0.21
-0.21
-0.21
-0.195
-0.2
-0.185
-0.19
-0.175
-0.18
-0.16
-0.165
-0.14
-0.14
-0.12
-0.115
-0.095
-0.08
-0.055
-0.055
-0.025
-0.01
0.025
0.03
0.05
0.04
0.055
0.04
0.02
-0.015
-0.03
-0.06
-0.06
-0.07
-0.07
-0.08
-0.065
-0.07
-0.04
-0.06
-0.04
-0.04
-0.02
-0.015
-0.005
-0.005
0.01
-0.005
0.01
-0.005
0.02
0.0
0.02
0.01
0.02
0.02
0.03
0.025
0.04
0.03
0.045
0.04
0.05
0.04
0.055
0.045
0.06
0.08
0.095
0.13
0.17
0.165
0.17
0.14
0.11
0.09
0.105
0.08
0.085
0.08
0.08
0.02
0.145
0.44
0.78
0.52
0.14
0.14
0.14
0.105
0.105
0.1
0.12
0.095
0.105
0.095
0.12
0.12
0.13
0.12
0.14
0.125
0.155
0.14
0.155
0.155
0.2
0.18
0.2
0.21
0.22
0.21
0.24
0.225
0.23
0.2
0.18
0.13
0.125
0.105
0.105
0.08
0.09
0.065
0.08
0.065
0.09
0.08
0.085
0.08
0.09
0.08
0.09
0.065
0.09
0.07
0.085
0.08
0.085
0.065
0.085
0.06
0.08
0.065
0.08
0.05
0.08
0.06
0.065
0.05
0.07
0.05
0.06
0.055
0.08
0.095
0.145
0.135
0.145
0.12
0.08
0.045
0.055
0.04
0.04
0.02
0.025
-0.03
-0.01
0.2
0.58
0.58
0.24
0.015
0.045
0.005
-0.01
-0.035
-0.02
-0.04
-0.04
-0.06
-0.055
-0.08
-0.065
-0.08
-0.07
-0.08
-0.075
-0.08
-0.075
-0.095
-0.08
-0.095
-0.07
-0.075
-0.05
-0.06
-0.04
-0.06
-0.06
-0.095
-0.12
-0.18
-0.2
-0.24
-0.25
-0.275
-0.28
-0.315
-0.32
-0.35
-0.335
-0.35
-0.34
-0.36
-0.35
-0.36
-0.36
-0.36
-0.36
-0.38
-0.375
-0.4
-0.39
-0.4
-0.4
-0.42
-0.4
-0.43
-0.42
-0.425
-0.415
-0.43
-0.415
-0.43
-0.42
-0.43
-0.42
-0.435
-0.415
-0.41
-0.34
-0.32
-0.3
-0.315
-0.32
-0.4
-0.395
-0.415
-0.4
-0.42
-0.415
-0.425
-0.45
-0.415
-0.13
0.305
0.24
-0.225
-0.35
-0.35
-0.36
-0.375
-0.35
-0.36
-0.345
-0.35
-0.33
-0.33
-0.31
-0.305
-0.28
-0.28
-0.255
-0.24
-0.225
-0.215
-0.185
-0.17
-0.12
-0.11
-0.06
-0.04
-0.005
-0.005
0.02
0.005
0.005
-0.035
-0.04
-0.08
-0.065
-0.08
-0.065
-0.075
-0.055
-0.055
-0.025
-0.03
0.0
-0.005
0.025
0.04
0.065
0.08
0.1
0.095
0.12
0.14
0.155
0.155
0.18
0.185
0.205
0.21
0.24
0.24
0.265
0.26
0.29
0.29
0.305
0.32
0.35
0.35
0.38
0.385
0.415
0.44
0.52
0.54
0.55
0.54
0.52
0.475
0.505
0.5
0.53
0.52
0.525
0.5
0.5
0.69
1.11
1.29
0.94
0.585
0.65
0.625
0.64
0.625
0.665
0.66
0.69
0.685
0.72
0.7
0.735
0.735
0.77
0.77
0.8
0.8
0.845
0.845
0.88
0.9
0.945
0.96
1.01
1.015
1.04
1.04
1.04
1.01
1.0
0.945
0.93
0.9
0.9
0.88
0.89
0.865
0.88
0.88
0.9
0.88
0.895
0.905
0.92
0.92
0.93
0.925
0.93
0.92
0.935
0.92
0.925
0.92
0.93
0.91
0.93
0.92
0.92
0.92
0.925
0.905
0.93
0.905
0.92
0.905
0.9
0.905
0.92
0.905
0.93
0.92
0.96
1.0
1.02
1.0
0.99
0.91
0.89
0.87
0.88
0.855
0.86
0.84
0.81
0.78
1.025
1.37
1.525
1.11
0.825
0.85
0.83
0.795
0.8
0.785
0.795
0.79
0.785
0.77
0.785
0.76
0.78
0.765
0.78
0.77
0.78
0.78
0.8
0.79
0.8
0.82
0.855
0.845
0.88
0.86
0.88
0.845
0.83
0.77
0.76
0.685
0.68
0.645
0.63
0.6
0.61
0.59
0.585
0.565
0.58
0.565
0.59
0.56
0.59
0.56
0.565
0.56
0.55
0.52
0.53
0.52
0.52
0.495
0.5
0.47
0.495
0.46
0.465
0.445
0.46
0.44
0.45
0.42
0.43
0.41
0.405
0.39
0.405
0.38
0.385
0.375
0.385
0.41
0.47
0.43
0.44
0.38
0.33
0.3
0.31
0.27
0.28
0.245
0.245
0.185
0.24
0.475
0.905
0.77
0.35
0.21
0.23
0.18
0.18
0.16
0.17
0.15
0.165
0.14
0.145
0.13
0.14
0.125
0.13
0.12
0.13
0.125
0.145
0.13
0.15
0.155
0.19
0.18
0.22
0.2
0.22
0.2
0.2
0.15
0.13
0.08
0.055
0.01
0.005
-0.035
-0.03
-0.055
-0.055
-0.08
-0.065
-0.08
-0.06
-0.08
-0.06
-0.08
-0.06
-0.08
-0.065
-0.1
-0.08
-0.11
-0.095
-0.12
-0.11
-0.14
-0.13
-0.15
-0.14
-0.145
-0.15
-0.175
-0.165
-0.17
-0.18
-0.19
-0.18
-0.2
-0.19
-0.22
-0.2
-0.23
-0.215
-0.235
-0.2
-0.2
-0.145
-0.145
-0.15
-0.175
-0.21
-0.275
-0.24
-0.28
-0.28
-0.3
-0.3
-0.34
-0.36
-0.23
0.11
0.37
0.065
-0.345
-0.29
-0.335
-0.33
-0.355
-0.35
-0.36
-0.345
-0.365
-0.355
-0.375
-0.36
-0.37
-0.345
-0.365
-0.345
-0.35
-0.335
-0.36
-0.325
-0.335
-0.3
-0.295
-0.265
-0.28
-0.24
-0.27
-0.25
-0.29
-0.305
-0.35
-0.37
-0.41
-0.42
-0.44
-0.43
-0.46
-0.455
-0.47
-0.45
-0.475
-0.46
-0.47
-0.44
-0.46
-0.44
-0.46
-0.44
-0.455
-0.44
-0.465
-0.45
-0.48
-0.44
-0.465
-0.465
-0.47
-0.455
-0.485
-0.465
-0.485
-0.46
-0.485
-0.46
-0.49
-0.475
-0.5
-0.48
-0.49
-0.475
-0.495
-0.47
-0.495
-0.465
-0.465
-0.4
-0.39
-0.38
-0.41
-0.415
-0.485
-0.465
-0.48
-0.47
-0.5
-0.485
-0.52
-0.535
-0.47
-0.17
0.18
0.025
-0.41
-0.435
-0.47
-0.475
-0.52
-0.49
-0.51
-0.485
-0.5
-0.485
-0.51
-0.47
-0.5
-0.47
-0.49
-0.46
-0.475
-0.45
-0.47
-0.435
-0.45
-0.42
-0.42
-0.38
-0.39
-0.35
-0.365
-0.345
-0.37
-0.36
-0.4
-0.42
-0.46
-0.45
-0.485
-0.47
-0.5
-0.475
-0.495
-0.49
-0.5
-0.475
-0.495
-0.475
-0.49
-0.46
-0.47
-0.455
-0.465
-0.44
-0.475
-0.455
-0.475
-0.45
-0.47
-0.445
-0.47
-0.45
-0.47
-0.45
-0.475
-0.44
-0.47
-0.44
-0.46
-0.45
-0.47
-0.44
-0.47
-0.44
-0.48
-0.445
-0.47
-0.415
-0.39
-0.34
-0.375
-0.36
-0.43
-0.44
-0.45
-0.43
-0.46
-0.45
-0.485
-0.48
-0.52
-0.34
-0.015
0.305
-0.01
-0.38
-0.4
-0.415
-0.45
-0.42
-0.45
-0.435
-0.46
-0.425
-0.45
-0.425
-0.44
-0.4
-0.435
-0.41
-0.425
-0.395
-0.41
-0.38
-0.395
-0.355
-0.36
-0.33
-0.32
-0.28
-0.295
-0.27
-0.29
-0.28
-0.32
-0.34
-0.4
-0.41
-0.445
-0.44
-0.475
-0.45
-0.47
-0.465
-0.49
-0.475
-0.495
-0.47
-0.5
-0.48
-0.495
-0.47
-0.49
-0.47
-0.49
-0.465
-0.5
-0.485
-0.51
-0.49
-0.505
-0.495
-0.505
-0.495
-0.52
-0.49
-0.515
-0.5
-0.535
-0.52
-0.54
-0.515
-0.535
-0.52
-0.54
-0.52
-0.55
-0.515
-0.535
-0.49
-0.45
-0.42
-0.46
-0.455
-0.52
-0.53
-0.56
-0.55
-0.58
-0.56
-0.59
-0.6
-0.655
-0.46
-0.1
0.165
-0.195
-0.56
-0.56
-0.58
-0.615
-0.6
-0.63
-0.6
-0.625
-0.6
-0.62
-0.6
-0.62
-0.6
-0.61
-0.585
-0.6
-0.575
-0.59
-0.555
-0.56
-0.52
-0.52
-0.485
-0.485
-0.44
-0.46
-0.42
-0.45
-0.44
-0.5
-0.515
-0.57
-0.575
-0.615
-0.61
-0.62
-0.615
-0.645
-0.62
-0.64
-0.61
-0.64
-0.615
-0.63
-0.6
-0.62
-0.595
-0.615
-0.58
-0.6
-0.58
-0.6
-0.58
-0.6
-0.575
-0.6
-0.58
-0.59
-0.56
-0.59
-0.56
-0.58
-0.555
-0.58
-0.55
-0.575
-0.55
-0.56
-0.55
-0.56
-0.535
-0.56
-0.535
-0.545
-0.52
-0.54
-0.475
-0.44
-0.41
-0.44
-0.44
-0.52
-0.52
-0.535
-0.515
-0.54
-0.53
-0.56
-0.56
-0.6
-0.35
0.025
0.135
-0.28
-0.52
-0.53
-0.53
-0.555
-0.54
-0.56
-0.55
-0.56
-0.54
-0.56
-0.55
-0.56
-0.54
-0.56
-0.53
-0.54
-0.51
-0.53
-0.495
-0.5
-0.455
-0.455
-0.415
-0.415
-0.37
-0.38
-0.355
-0.38
-0.38
-0.435
-0.44
-0.49
-0.485
-0.525
-0.5
-0.535
-0.51
-0.535
-0.515
-0.52
-0.5
-0.505
-0.47
-0.485
-0.44
-0.45
-0.43
-0.44
-0.415
-0.425
-0.39
-0.4
-0.38
-0.39
-0.355
-0.375
-0.345
-0.35
-0.335
-0.345
-0.31
-0.32
-0.29
-0.3
-0.27
-0.27
-0.24
-0.255
-0.22
-0.235
-0.2
-0.2
-0.165
-0.18
-0.135
-0.135
-0.055
-0.015
0.005
-0.01
-0.01
-0.055
-0.03
-0.03
-0.015
-0.02
0.01
-0.02
-0.02
0.05
0.37
0.78
0.66
0.2
0.165
0.165
0.16
0.155
0.2
0.2
0.22
0.22
0.25
0.255
0.285
0.29
0.325
0.33
0.365
0.375
0.42
0.42
0.475
0.485
0.54
0.56
0.62
0.63
0.68
0.685
0.72
0.7
0.72
0.66
0.67
0.62
0.635
0.62
0.63
0.625
0.65
0.635
0.68
0.66
0.695
0.695
0.72
0.72
0.76
0.76
0.79
0.78
0.81
0.795
0.83
0.82
0.84
0.84
0.855
0.845
0.88
0.865
0.89
0.88
0.91
0.89
0.925
0.9
0.92
0.92
0.935
0.92
0.96
0.93
0.95
0.94
0.96
0.94
0.97
0.98
1.045
1.07
1.08
1.06
1.04
0.98
1.0
0.98
0.99
0.97
0.975
0.945
0.935
1.01
1.32
1.69
1.485
1.04
1.045
1.0
1.0
0.97
0.99
0.97
1.0
0.98
1.0
0.99
1.005
0.985
1.01
1.0
1.04
1.015
1.04
1.03
1.065
1.05
1.09
1.1
1.135
1.135
1.16
1.14
1.17
1.135
1.12
1.08
1.05
1.015
1.005
0.97
0.97
0.945
0.96
0.93
0.945
0.93
0.935
0.925
0.94
0.93
0.945
0.92
0.95
0.925
0.94
0.925
0.94
0.91
0.94
0.905
0.91
0.9
0.91
0.89
0.89
0.88
0.88
0.88
0.88
0.86
0.88
0.84
0.85
0.84
0.845
0.82
0.84
0.82
0.82
0.805
0.825
0.83
0.9
0.895
0.89
0.855
0.82
0.775
0.78
0.76
0.76
0.73
0.73
0.7
0.68
0.82
1.18
1.4
1.09
0.7
0.74
0.7
0.7
0.665
0.67
0.66
0.68
0.66
0.67
0.645
0.66
0.65
0.66
0.65
0.67
0.655
0.68
0.66
0.68
0.68
0.7
0.7
0.73
0.725
0.745
0.745
0.745
0.705
0.685
0.635
0.62
0.58
0.565
0.535
0.535
0.5
0.51
0.485
0.49
0.475
0.49
0.475
0.49
0.475
0.475
0.475
0.48
0.47
0.475
0.46
0.47
0.455
0.46
0.44
0.445
0.43
0.43
0.425
0.425
0.4
0.415
0.4
0.405
0.4
0.4
0.38
0.385
0.36
0.37
0.36
0.36
0.35
0.36
0.33
0.37
0.4
0.44
0.41
0.41
0.37
0.335
0.3
0.3
0.285
0.28
0.26
0.26
0.2
0.28
0.505
0.92
0.795
0.405
0.28
0.27
0.225
0.225
0.195
0.205
0.2
0.2
0.18
0.19
0.165
0.18
0.17
0.185
0.17
0.185
0.155
0.18
0.155
0.19
0.17
0.185
0.19
0.21
0.2
0.225
0.205
0.2
0.17
0.15
0.1
0.08
0.04
0.03
0.0
-0.01
-0.04
-0.04
-0.065
-0.065
-0.08
-0.07
-0.08
-0.08
-0.1
-0.08
-0.11
-0.11
-0.12
-0.12
-0.15
-0.15
-0.17
-0.165
-0.18
-0.175
-0.2
-0.195
-0.2
-0.2
-0.21
-0.215
-0.225
-0.22
-0.24
-0.235
-0.24
-0.24
-0.265
-0.24
-0.26
-0.255
-0.27
-0.24
-0.24
-0.2
-0.175
-0.155
-0.17
-0.18
-0.24
-0.26
-0.265
-0.26
-0.275
-0.28
-0.295
-0.31
-0.335
-0.115
0.27
0.425
0.07
-0.215
-0.215
-0.24
-0.27
-0.255
-0.26
-0.26
-0.255
-0.235
-0.25
-0.24
-0.22
-0.2
-0.2
-0.195
-0.195
-0.155
-0.165
-0.13
-0.12
-0.08
-0.075
-0.035
-0.02
0.01
0.025
0.05
0.045
0.05
0.02
-0.005
-0.02
-0.035
-0.055
-0.05
-0.06
-0.04
-0.045
-0.03
-0.04
-0.02
-0.02
0.0
0.0
0.03
0.05
0.05
0.055
0.08
0.08
0.1
0.09
0.12
0.12
0.13
0.125
0.15
0.145
0.15
0.15
0.17
0.18
0.19
0.185
0.2
0.19
0.21
0.215
0.24
0.225
0.24
0.24
0.25
0.24
0.255
0.255
0.27
0.295
0.37
0.38
0.38
0.365
0.34
0.29
0.32
0.3
0.3
0.29
0.295
0.27
0.25
0.37
0.72
1.06
0.815
0.375
0.39
0.36
0.365
0.34
0.34
0.345
0.35
0.345
0.365
0.365
0.37
0.375
0.385
0.4
0.4
0.4
0.42
0.43
0.45
0.445
0.475
0.485
0.52
0.53
0.56
0.545
0.56
0.53
0.525
0.49
0.455
0.415
0.4
0.375
0.385
0.365
0.365
0.36
0.36
0.36
0.36
0.35
0.37
0.36
0.365
0.36
0.365
0.36
0.36
0.36
0.36
0.345
0.35
0.34
0.345
0.325
0.33
0.32
0.34
0.32
0.325
0.32
0.32
0.3
0.31
0.3
0.3
0.295
0.285
0.28
0.28
0.265
0.28
0.265
0.265
0.28
0.28
0.29
0.35
0.36
0.345
0.325
0.28
0.23
0.24
0.22
0.22
0.2
0.185
0.165
0.13
0.225
0.56
0.9
0.64
0.205
0.2
0.17
0.155
0.14
0.14
0.13
0.135
0.12
0.125
0.12
0.11
0.105
0.105
0.105
0.12
0.11
0.12
0.12
0.14
0.14
0.155
0.155
0.19
0.19
0.2
0.2
0.2
0.18
0.17
0.12
0.085
0.05
0.03
-0.005
-0.01
-0.035
-0.035
-0.05
-0.05
-0.06
-0.06
-0.065
-0.06
-0.07
-0.075
-0.08
-0.07
-0.08
-0.075
-0.08
-0.08
-0.1
-0.105
-0.12
-0.12
-0.12
-0.14
-0.15
-0.16
-0.165
-0.17
-0.18
-0.175
-0.19
-0.2
-0.205
-0.2
-0.22
-0.22
-0.23
-0.23
-0.24
-0.24
-0.26
-0.255
-0.26
-0.235
-0.19
-0.175
-0.21
-0.22
-0.27
-0.32
-0.33
-0.33
-0.36
-0.37
-0.4
-0.41
-0.455
-0.345
-0.04
0.32
0.05
-0.375
-0.4
-0.42
-0.44
-0.47
-0.48
-0.47
-0.485
-0.485
-0.495
-0.495
-0.505
-0.505
-0.51
-0.5
-0.51
-0.5
-0.495
-0.5
-0.49
-0.485
-0.475
-0.45
-0.44
-0.43
-0.42
-0.42
-0.415
-0.425
-0.46
-0.49
-0.53
-0.55
-0.58
-0.59
-0.61
-0.6
-0.62
-0.62
-0.625
-0.63
-0.635
-0.615
-0.625
-0.61
-0.615
-0.615
-0.615
-0.61
-0.62
-0.6
-0.61
-0.61
-0.61
-0.615
-0.62
-0.615
-0.62
-0.615
-0.615
-0.61
-0.615
-0.6
-0.615
-0.6
-0.605
-0.6
-0.61
-0.6
-0.6
-0.595
-0.595
-0.575
-0.59
-0.585
-0.575
-0.555
-0.53
-0.46
-0.455
-0.46
-0.475
-0.52
-0.555
-0.55
-0.56
-0.55
-0.56
-0.56
-0.59
-0.6
-0.42
-0.06
0.155
-0.18
-0.525
-0.49
-0.51
-0.53
-0.535
-0.52
-0.535
-0.53
-0.52
-0.52
-0.515
-0.5
-0.51
-0.49
-0.49
-0.485
-0.475
-0.46
-0.455
-0.435
-0.43
-0.41
-0.39
-0.37
-0.36
-0.345
-0.34
-0.34
-0.355
-0.36
-0.415
-0.43
-0.47
-0.485
-0.49
-0.495
-0.51
-0.51
-0.515
-0.505
-0.505
-0.495
-0.49
-0.475
-0.485
-0.46
-0.46
-0.45
-0.45
-0.44
-0.44
-0.44
-0.45
-0.44
-0.44
-0.43
-0.43
-0.415
-0.415
-0.4
-0.4
-0.4
-0.4
-0.395
-0.39
-0.39
-0.38
-0.375
-0.36
-0.36
-0.36
-0.35
-0.345
-0.35
-0.33
-0.315
-0.3
-0.29
-0.23
-0.18
-0.175
-0.17
-0.18
-0.215
-0.24
-0.23
-0.22
-0.22
-0.225
-0.215
-0.24
-0.22
-0.005
0.4
0.465
0.1
-0.12
-0.08
-0.1
-0.11
-0.11
-0.09
-0.095
-0.07
-0.06
-0.05
-0.04
-0.015
-0.02
0.01
0.02
0.055
0.05
0.09
0.11
0.125
0.15
0.19
0.215
0.245
0.27
0.3
0.32
0.315
0.32
0.31
0.29
0.27
0.26
0.26
0.245
0.26
0.26
0.28
0.28
0.29
0.3
0.32
0.32
0.35
0.36
0.37
0.385
0.385
0.4
0.42
0.41
0.425
0.425
0.44
0.44
0.46
0.46
0.465
0.47
0.475
0.475
0.495
0.49
0.49
0.485
0.5
0.5
0.52
0.52
0.51
0.51
0.52
0.525
0.535
0.54
0.58
0.63
0.65
0.64
0.63
0.57
0.56
0.545
0.56
0.54
0.525
0.52
0.505
0.47
0.645
0.985
1.24
0.91
0.54
0.565
0.545
0.51
0.51
0.52
0.52
0.51
0.52
0.495
0.5
0.5
0.505
0.5
0.52
0.5
0.51
0.525
0.52
0.525
0.53
0.53
0.565
0.57
0.58
0.585
0.59
0.59
0.57
0.53
0.52
0.47
0.44
0.42
0.405
0.39
0.375
0.37
0.36
0.35
0.36
0.345
0.35
0.34
0.35
0.34
0.34
0.33
0.325
0.315
0.31
0.295
0.3
0.27
0.285
0.265
0.26
0.245
0.25
0.24
0.24
0.22
0.21
0.21
0.205
0.19
0.2
0.17
0.175
0.15
0.145
0.14
0.13
0.12
0.125
0.13
0.16
0.19
0.2
0.165
0.155
0.09
0.06
0.04
0.04
0.02
0.005
-0.02
-0.04
-0.055
0.155
0.53
0.62
0.24
-0.03
-0.02
-0.04
-0.08
-0.08
-0.095
-0.1
-0.1
-0.105
-0.105
-0.115
-0.12
-0.115
-0.115
-0.105
-0.115
-0.11
-0.11
-0.1
-0.095
-0.08
-0.08
-0.06
-0.05
-0.03
-0.03
-0.035
-0.05
-0.055
-0.095
-0.115
-0.155
-0.18
-0.21
-0.215
-0.24
-0.24
-0.26
-0.26
-0.275
-0.275
-0.28
-0.28
-0.28
-0.28
-0.28
-0.28
-0.28
-0.28
-0.3
-0.3
-0.31
-0.31
-0.32
-0.32
-0.33
-0.335
-0.35
-0.35
-0.345
-0.35
-0.35
-0.355
-0.35
-0.36
-0.37
-0.37
-0.385
-0.38
-0.39
-0.38
-0.395
-0.38
-0.4
-0.4
-0.4
-0.375
-0.33
-0.31
-0.32
-0.32
-0.38
-0.415
-0.43
-0.43
-0.455
-0.455
-0.47
-0.48
-0.52
-0.42
-0.13
0.255
0.01
-0.415
-0.43
-0.44
-0.48
-0.495
-0.505
-0.495
-0.5
-0.495
-0.505
-0.505
-0.515
-0.5
-0.505
-0.49
-0.49
-0.485
-0.49
-0.47
-0.455
-0.44
-0.43
-0.415
-0.395
-0.38
-0.385
-0.375
-0.36
-0.375
-0.395
-0.415
-0.455
-0.485
-0.515
-0.52
-0.54
-0.55
-0.56
-0.56
-0.56
-0.56
-0.575
-0.575
-0.575
-0.56
-0.56
-0.56
-0.56
-0.56
-0.57
-0.56
-0.575
-0.575
-0.595
-0.59
-0.59
-0.595
-0.605
-0.6
-0.6
-0.6
-0.615
-0.62
-0.62
-0.62
-0.62
-0.62
-0.64
-0.63
-0.635
-0.64
-0.645
-0.65
-0.635
-0.61
-0.56
-0.545
-0.56
-0.56
-0.62
-0.655
-0.66
-0.645
-0.675
-0.68
-0.69
-0.705
-0.75
-0.615
-0.29
0.04
-0.26
-0.66
-0.65
-0.65
-0.68
-0.69
-0.705
-0.7
-0.705
-0.7
-0.7
-0.69
-0.695
-0.69
-0.695
-0.68
-0.68
-0.67
-0.665
-0.65
-0.65
-0.635
-0.625
-0.6
-0.58
-0.56
-0.56
-0.56
-0.56
-0.56
-0.59
-0.6
-0.655
-0.675
-0.695
-0.71
-0.72
-0.715
-0.73
-0.735
-0.74
-0.71
-0.72
-0.72
-0.72
-0.715
-0.715
-0.695
-0.71
-0.705
-0.72
-0.705
-0.705
-0.7
-0.705
-0.7
-0.715
-0.71
-0.715
-0.705
-0.71
-0.695
-0.7
-0.7
-0.7
-0.695
-0.7
-0.695
-0.7
-0.695
-0.7
-0.69
-0.695
-0.69
-0.7
-0.67
-0.65
-0.6
-0.595
-0.6
-0.615
-0.645
-0.69
-0.675
-0.69
-0.68
-0.705
-0.7
-0.74
-0.745
-0.6
-0.28
-0.035
-0.29
-0.66
-0.63
-0.65
-0.69
-0.7
-0.695
-0.71
-0.7
-0.7
-0.69
-0.705
-0.69
-0.695
-0.68
-0.695
-0.69
-0.68
-0.67
-0.67
-0.655
-0.66
-0.64
-0.63
-0.615
-0.61
-0.59
-0.6
-0.575
-0.585
-0.59
-0.62
-0.64
-0.66
-0.67
-0.69
-0.685
-0.705
-0.695
-0.705
-0.7
-0.7
-0.695
-0.7
-0.69
-0.7
-0.68
-0.68
-0.675
-0.69
-0.675
-0.68
-0.67
-0.675
-0.675
-0.68
-0.675
-0.69
-0.69
-0.69
-0.67
-0.7
-0.69
-0.71
-0.695
-0.7
-0.695
-0.715
-0.7
-0.71
-0.695
-0.69
-0.64
-0.64
-0.635
-0.66
-0.68
-0.74
-0.72
-0.75
-0.74
-0.77
-0.76
-0.79
-0.81
-0.7
-0.39
-0.135
-0.35
-0.73
-0.72
-0.765
-0.77
-0.795
-0.78
-0.805
-0.78
-0.8
-0.78
-0.79
-0.78
-0.79
-0.775
-0.785
-0.77
-0.78
-0.76
-0.78
-0.75
-0.76
-0.73
-0.72
-0.695
-0.695
-0.665
-0.67
-0.63
-0.655
-0.665
-0.69
-0.7
-0.74
-0.745
-0.78
-0.77
-0.79
-0.77
-0.795
-0.77
-0.79
-0.76
-0.78
-0.76
-0.765
-0.74
-0.76
-0.72
-0.74
-0.72
-0.72
-0.705
-0.715
-0.695
-0.71
-0.695
-0.68
-0.675
-0.68
-0.66
-0.67
-0.65
-0.655
-0.635
-0.645
-0.62
-0.635
-0.61
-0.615
-0.56
-0.52
-0.465
-0.49
-0.47
-0.515
-0.54
-0.55
-0.53
-0.55
-0.535
-0.54
-0.535
-0.58
-0.47
-0.165
0.29
0.06
-0.36
-0.43
-0.425
-0.455
-0.44
-0.44
-0.425
-0.43
-0.4
-0.4
-0.375
-0.385
-0.35
-0.36
-0.33
-0.33
-0.295
-0.295
-0.26
-0.26
-0.22
-0.2
-0.165
-0.14
-0.1
-0.09
-0.05
-0.05
-0.035
-0.07
-0.08
-0.12
-0.13
-0.15
-0.145
-0.165
-0.15
-0.155
-0.135
-0.14
-0.115
-0.135
-0.12
-0.115
-0.08
-0.08
-0.06
-0.06
-0.03
-0.04
-0.005
-0.025
0.005
-0.015
0.005
0.01
0.03
0.01
0.04
0.04
0.06
0.04
0.065
0.06
0.09
0.08
0.1
0.1
0.13
0.155
0.225
0.24
0.24
0.22
0.2
0.155
0.175
0.155
0.16
0.145
0.165
0.12
0.135
0.35
0.78
0.86
0.475
0.2
0.24
0.2
0.205
0.19
0.215
0.2
0.21
0.205
0.225
0.22
0.24
0.22
0.245
0.24
0.26
0.26
0.29
0.28
0.325
0.315
0.36
0.375
0.4
0.405
0.43
0.42
0.42
0.38
0.37
0.31
0.3
0.26
0.245
0.22
0.23
0.205
0.21
0.205
0.24
0.2
0.21
0.2
0.21
0.21
0.225
0.21
0.23
0.22
0.24
0.21
0.225
0.21
0.22
0.22
0.23
0.215
0.23
0.205
0.22
0.21
0.24
0.22
0.24
0.24
0.24
0.24
0.28
0.315
0.35
0.325
0.335
0.28
0.26
0.25
0.245
0.24
0.245
0.225
0.21
0.17
0.33
0.67
0.94
0.62
0.25
0.29
0.285
0.26
0.265
0.255
0.27
0.27
0.28
0.28
0.29
0.285
0.3
0.3
0.31
0.31
0.33
0.335
0.35
0.345
0.37
0.385
0.41
0.405
0.44
0.44
0.46
0.45
0.445
0.405
0.4
0.37
0.345
0.315
0.305
0.305
0.31
0.3
0.32
0.29
0.32
0.31
0.34
0.31
0.315
0.33
0.34
0.33
0.34
0.33
0.34
0.325
0.33
0.32
0.33
0.32
0.33
0.32
0.325
0.33
0.32
0.32
0.33
0.32
0.315
0.32
0.34
0.375
0.41
0.4
0.4
0.37
0.33
0.325
0.33
0.32
0.32
0.29
0.29
0.26
0.35
0.62
0.945
0.73
0.36
0.325
0.32
0.29
0.29
0.29
0.285
0.28
0.28
0.28
0.285
0.29
0.285
0.285
0.29
0.295
0.31
0.32
0.325
0.32
0.335
0.34
0.365
0.365
0.38
0.4
0.4
0.4
0.4
0.37
0.35
0.32
0.295
0.28
0.27
0.25
0.255
0.24
0.24
0.225
0.22
0.22
0.23
0.215
0.22
0.215
0.24
0.22
0.215
0.21
0.21
0.215
0.2
0.205
0.2
0.185
0.185
0.18
0.18
0.17
0.17
0.165
0.155
0.15
0.16
0.165
0.205
0.24
0.22
0.205
0.155
0.12
0.12
0.1
0.1
0.08
0.06
0.045
0.01
0.135
0.485
0.795
0.53
0.11
0.09
0.05
0.04
0.025
0.03
0.025
0.02
0.0
0.005
0.0
0.01
0.0
0.005
0.0
-0.005
-0.005
0.005
0.005
0.015
0.025
0.04
0.06
0.1
0.09
0.1
0.105
0.12
0.085
0.045
0.005
-0.035
-0.07
-0.095
-0.11
-0.12
-0.135
-0.155
-0.17
-0.175
-0.18
-0.2
-0.2
-0.2
-0.22
-0.22
-0.235
-0.23
-0.24
-0.255
-0.26
-0.27
-0.28
-0.295
-0.3
-0.31
-0.33
-0.34
-0.35
-0.355
-0.36
-0.36
-0.38
-0.395
-0.39
-0.39
-0.38
-0.32
-0.325
-0.34
-0.36
-0.435
-0.465
-0.47
-0.485
-0.5
-0.515
-0.54
-0.57
-0.58
-0.38
0.02
0.165
-0.22
-0.55
-0.53
-0.555
-0.58
-0.58
-0.59
-0.58
-0.585
-0.59
-0.585
-0.58
-0.585
-0.575
-0.58
-0.56
-0.56
-0.56
-0.55
-0.535
-0.53
-0.51
-0.49
-0.46
-0.44
-0.42
-0.4
-0.395
-0.4
-0.42
-0.455
-0.485
-0.52
-0.535
-0.55
-0.555
-0.56
-0.56
-0.56
-0.56
-0.56
-0.56
-0.555
-0.54
-0.535
-0.52
-0.52
-0.515
-0.51
-0.5
-0.5
-0.495
-0.495
-0.48
-0.48
-0.47
-0.46
-0.46
-0.455
-0.44
-0.44
-0.435
-0.435
-0.415
-0.425
-0.4
-0.4
-0.37
-0.305
-0.27
-0.275
-0.275
-0.31
-0.34
-0.34
-0.34
-0.345
-0.33
-0.35
-0.34
-0.38
-0.27
0.06
0.47
0.22
-0.22
-0.24
-0.24
-0.24
-0.255
-0.25
-0.24
-0.24
-0.22
-0.215
-0.2
-0.2
-0.18
-0.175
-0.16
-0.155
-0.135
-0.12
-0.1
-0.1
-0.065
-0.045
0.005
0.025
0.045
0.06
0.08
0.08
0.08
0.04
0.005
-0.025
-0.03
-0.07
-0.07
-0.06
-0.065
-0.08
-0.06
-0.07
-0.06
-0.05
-0.035
-0.04
-0.02
-0.02
-0.005
-0.01
0.015
0.01
0.01
0.02
0.025
0.02
0.04
0.03
0.04
0.04
0.06
0.05
0.06
0.06
0.06
0.065
0.08
0.08
0.095
0.11
0.17
0.195
0.195
0.175
0.145
0.105
0.12
0.1
0.105
0.09
0.105
0.08
0.06
0.2
0.55
0.8
0.51
0.13
0.165
0.14
0.15
0.125
0.145
0.13
0.135
0.13
0.155
0.15
0.165
0.155
0.155
0.16
0.185
0.175
0.19
0.2
0.21
0.205
0.24
0.245
0.265
0.27
0.285
0.29
0.3
0.265
0.25
0.2
0.19
0.165
0.15
0.12
0.12
0.11
0.12
0.105
0.105
0.09
0.105
0.1
0.105
0.1
0.115
0.105
0.125
0.105
0.12
0.1
0.12
0.085
0.105
0.085
0.09
0.085
0.1
0.085
0.08
0.065
0.08
0.065
0.08
0.08
0.08
0.085
0.12
0.15
0.15
0.14
0.125
0.065
0.06
0.05
0.055
0.04
0.04
0.02
-0.015
0.02
0.265
0.62
0.54
0.18
0.06
0.05
0.03
-0.005
0.015
0.005
0.005
-0.005
0.01
-0.015
-0.005
-0.005
0.0
-0.01
-0.005
-0.01
0.005
-0.005
0.015
0.01
0.03
0.03
0.06
0.06
0.085
0.08
0.095
0.08
0.06
0.02
0.0
-0.035
-0.045
-0.075
-0.07
-0.08
-0.08
-0.1
-0.1
-0.115
-0.105
-0.12
-0.115
-0.12
-0.115
-0.12
-0.11
-0.13
-0.115
-0.12
-0.12
-0.135
-0.13
-0.15
-0.135
-0.155
-0.155
-0.165
-0.165
-0.18
-0.165
-0.185
-0.17
-0.185
-0.18
-0.19
-0.17
-0.15
-0.08
-0.1
-0.105
-0.13
-0.18
-0.215
-0.21
-0.23
-0.215
-0.24
-0.24
-0.305
-0.28
-0.065
0.36
0.45
0.08
-0.215
-0.21
-0.265
-0.27
-0.29
-0.27
-0.285
-0.275
-0.295
-0.29
-0.3
-0.3
-0.3
-0.28
-0.295
-0.28
-0.29
-0.28
-0.29
-0.265
-0.26
-0.23
-0.215
-0.185
-0.18
-0.155
-0.17
-0.155
-0.185
-0.21
-0.26
-0.295
-0.32
-0.32
-0.355
-0.36
-0.375
-0.37
-0.38
-0.375
-0.4
-0.38
-0.39
-0.385
-0.39
-0.38
-0.39
-0.375
-0.38
-0.385
-0.38
-0.38
-0.39
-0.39
-0.4
-0.39
-0.41
-0.4
-0.41
-0.4
-0.42
-0.4
-0.41
-0.4
-0.415
-0.415
-0.42
-0.415
-0.42
-0.4
-0.37
-0.315
-0.33
-0.32
-0.34
-0.39
-0.435
-0.42
-0.445
-0.44
-0.455
-0.48
-0.5
-0.5
-0.3
0.12
0.26
-0.12
-0.435
-0.42
-0.46
-0.465
-0.485
-0.46
-0.475
-0.46
-0.475
-0.46
-0.475
-0.46
-0.465
-0.46
-0.46
-0.45
-0.455
-0.43
-0.43
-0.4
-0.395
-0.375
-0.36
-0.32
-0.3
-0.295
-0.295
-0.29
-0.32
-0.345
-0.395
-0.42
-0.45
-0.46
-0.475
-0.48
-0.495
-0.5
-0.5
-0.495
-0.51
-0.495
-0.505
-0.485
-0.495
-0.485
-0.49
-0.475
-0.49
-0.48
-0.49
-0.485
-0.5
-0.5
-0.5
-0.5
-0.51
-0.5
-0.515
-0.505
-0.52
-0.5
-0.51
-0.5
-0.515
-0.51
-0.52
-0.515
-0.52
-0.52
-0.535
-0.5
-0.49
-0.425
-0.41
-0.42
-0.45
-0.495
-0.55
-0.525
-0.545
-0.55
-0.57
-0.56
-0.595
-0.62
-0.485
-0.115
0.2
-0.12
-0.55
-0.52
-0.56
-0.56
-0.59
-0.58
-0.595
-0.575
-0.59
-0.58
-0.585
-0.58
-0.58
-0.56
-0.575
-0.56
-0.555
-0.545
-0.54
-0.515
-0.515
-0.485
-0.47
-0.45
-0.44
-0.42
-0.42
-0.41
-0.435
-0.455
-0.5
-0.52
-0.56
-0.57
-0.595
-0.595
-0.615
-0.61
-0.62
-0.61
-0.615
-0.595
-0.595
-0.575
-0.585
-0.56
-0.58
-0.56
-0.575
-0.56
-0.58
-0.555
-0.575
-0.56
-0.56
-0.56
-0.575
-0.555
-0.56
-0.55
-0.56
-0.545
-0.55
-0.545
-0.56
-0.54
-0.55
-0.53
-0.54
-0.53
-0.54
-0.52
-0.515
-0.51
-0.495
-0.43
-0.4
-0.385
-0.415
-0.435
-0.495
-0.475
-0.485
-0.48
-0.485
-0.475
-0.495
-0.52
-0.43
-0.105
0.26
0.04
-0.4
-0.4
-0.415
-0.41
-0.44
-0.4
-0.42
-0.395
-0.4
-0.39
-0.39
-0.37
-0.37
-0.335
-0.345
-0.325
-0.32
-0.29
-0.295
-0.255
-0.24
-0.22
-0.2
-0.165
-0.155
-0.11
-0.12
-0.1
-0.11
-0.13
-0.165
-0.17
-0.21
-0.21
-0.22
-0.22
-0.235
-0.22
-0.235
-0.22
-0.21
-0.2
-0.2
-0.175
-0.18
-0.16
-0.155
-0.135
-0.14
-0.12
-0.13
-0.12
-0.12
-0.12
-0.12
-0.105
-0.12
-0.095
-0.11
-0.095
-0.095
-0.08
-0.08
-0.075
-0.08
-0.06
-0.07
-0.055
-0.07
-0.04
-0.06
-0.04
-0.05
-0.04
-0.035
-0.015
-0.01
0.08
0.085
0.105
0.08
0.08
0.01
0.025
0.01
0.02
0.005
0.025
-0.01
-0.02
0.08
0.41
0.76
0.54
0.115
0.125
0.085
0.08
0.065
0.08
0.08
0.09
0.08
0.11
0.105
0.13
0.12
0.15
0.135
0.17
0.17
0.2
0.2
0.215
0.225
0.26
0.26
0.3
0.3
0.34
0.34
0.375
0.375
0.37
0.345
0.34
0.305
0.315
0.29
0.305
0.3
0.31
0.3
0.32
0.3
0.34
0.33
0.355
0.345
0.37
0.36
0.39
0.38
0.405
0.385
0.405
0.4
0.415
0.405
0.42
0.41
0.43
0.41
0.44
0.42
0.44
0.42
0.44
0.42
0.44
0.43
0.46
0.44
0.445
0.44
0.465
0.45
0.46
0.45
0.465
0.47
0.485
0.475
0.56
0.57
0.58
0.56
0.56
0.475
0.495
0.48
0.485
0.47
0.475
0.445
0.44
0.5
0.805
1.21
1.055
0.61
0.56
0.51
0.51
0.475
0.49
0.48
0.505
0.485
0.5
0.49
0.51
0.505
0.525
0.51
0.53
0.53
0.56
0.54
0.575
0.565
0.6
0.6
0.645
0.64
0.67
0.68
0.69
0.68
0.68
0.64
0.63
0.58
0.575
0.54
0.56
0.53
0.525
0.52
0.54
0.51
0.53
0.52
0.535
0.52
0.545
0.56
0.565
0.56
0.55
0.53
0.55
0.53
0.55
0.53
0.54
0.525
0.53
0.52
0.54
0.51
0.53
0.52
0.52
0.505
0.53
0.505
0.51
0.5
0.52
0.495
0.52
0.49
0.505
0.48
0.505
0.485
0.5
0.485
0.505
0.51
0.58
0.59
0.59
0.57
0.53
0.47
0.485
0.465
0.47
0.45
0.465
0.42
0.41
0.535
0.89
1.18
0.9
0.465
0.5
0.46
0.445
0.415
0.44
0.41
0.425
0.41
0.43
0.405
0.43
0.405
0.44
0.415
0.44
0.425
0.445
0.44
0.46
0.45
0.475
0.49
0.52
0.52
0.545
0.54
0.56
0.53
0.525
0.47
0.46
0.41
0.4
0.36
0.365
0.325
0.34
0.31
0.33
0.31
0.325
0.305
0.33
0.305
0.33
0.32
0.325
0.305
0.32
0.3
0.32
0.3
0.305
0.27
0.285
0.265
0.285
0.26
0.28
0.255
0.26
0.24
0.26
0.24
0.25
0.23
0.25
0.22
0.24
0.205
0.22
0.205
0.215
0.19
0.215
0.18
0.19
0.18
0.21
0.245
0.29
0.25
0.26
0.2
0.165
0.14
0.145
0.12
0.12
0.09
0.09
0.025
0.14
0.42
0.82
0.55
0.13
0.09
0.1
0.04
0.05
0.025
0.04
0.02
0.025
0.005
0.02
0.005
0.025
0.0
0.025
0.005
0.025
0.01
0.04
0.03
0.05
0.04
0.07
0.06
0.105
0.09
0.105
0.09
0.09
0.055
0.04
-0.015
-0.03
-0.08
-0.08
-0.12
-0.11
-0.15
-0.135
-0.165
-0.15
-0.17
-0.14
-0.165
-0.145
-0.17
-0.15
-0.165
-0.16
-0.19
-0.165
-0.2
-0.175
-0.195
-0.19
-0.205
-0.195
-0.22
-0.195
-0.22
-0.21
-0.235
-0.21
-0.24
-0.22
-0.255
-0.24
-0.26
-0.24
-0.265
-0.24
-0.275
-0.255
-0.28
-0.27
-0.29
-0.27
-0.275
-0.24
-0.215
-0.175
-0.205
-0.2
-0.26
-0.28
-0.31
-0.295
-0.32
-0.31
-0.35
-0.34
-0.4
-0.24
0.065
0.38
0.06
-0.295
-0.295
-0.3
-0.335
-0.335
-0.35
-0.33
-0.355
-0.335
-0.35
-0.33
-0.35
-0.33
-0.335
-0.31
-0.33
-0.315
-0.32
-0.3
-0.32
-0.29
-0.305
-0.28
-0.28
-0.24
-0.26
-0.24
-0.255
-0.235
-0.27
-0.27
-0.325
-0.32
-0.36
-0.36
-0.395
-0.375
-0.4
-0.39
-0.4
-0.38
-0.4
-0.38
-0.395
-0.37
-0.39
-0.36
-0.395
-0.36
-0.395
-0.375
-0.4
-0.38
-0.395
-0.38
-0.4
-0.38
-0.4
-0.38
-0.415
-0.385
-0.4
-0.385
-0.4
-0.395
-0.41
-0.385
-0.4
-0.38
-0.4
-0.385
-0.4
-0.38
-0.4
-0.38
-0.4
-0.36
-0.36
-0.29
-0.295
-0.28
-0.315
-0.32
-0.39
-0.37
-0.4
-0.39
-0.41
-0.395
-0.44
-0.44
-0.3
0.06
0.285
0.03
-0.37
-0.32
-0.38
-0.38
-0.42
-0.395
-0.415
-0.39
-0.4
-0.385
-0.4
-0.39
-0.415
-0.36
-0.39
-0.375
-0.385
-0.36
-0.37
-0.35
-0.36
-0.32
-0.33
-0.28
-0.3
-0.27
-0.28
-0.255
-0.265
-0.26
-0.315
-0.315
-0.37
-0.36
-0.4
-0.4
-0.425
-0.4
-0.44
-0.41
-0.435
-0.41
-0.425
-0.4
-0.43
-0.385
-0.415
-0.4
-0.415
-0.4
-0.42
-0.4
-0.42
-0.4
-0.425
-0.41
-0.44
-0.42
-0.43
-0.41
-0.43
-0.415
-0.44
-0.41
-0.44
-0.43
-0.44
-0.42
-0.44
-0.42
-0.45
-0.43
-0.45
-0.43
-0.455
-0.43
-0.445
-0.4
-0.39
-0.33
-0.34
-0.34
-0.38
-0.42
-0.45
-0.425
-0.46
-0.45
-0.48
-0.46
-0.52
-0.465
-0.26
0.18
0.14
-0.26
-0.47
-0.435
-0.49
-0.475
-0.51
-0.495
-0.52
-0.495
-0.515
-0.495
-0.52
-0.495
-0.52
-0.495
-0.51
-0.49
-0.5
-0.48
-0.495
-0.455
-0.47
-0.44
-0.44
-0.4
-0.415
-0.38
-0.4
-0.39
-0.425
-0.43
-0.49
-0.485
-0.545
-0.55
-0.58
-0.575
-0.6
-0.585
-0.61
-0.6
-0.615
-0.595
-0.61
-0.58
-0.6
-0.575
-0.595
-0.58
-0.6
-0.59
-0.615
-0.59
-0.605
-0.59
-0.6
-0.58
-0.6
-0.59
-0.61
-0.595
-0.6
-0.58
-0.595
-0.58
-0.61
-0.575
-0.6
-0.575
-0.595
-0.575
-0.595
-0.575
-0.59
-0.56
-0.59
-0.555
-0.57
-0.52
-0.5
-0.44
-0.455
-0.435
-0.475
-0.49
-0.52
-0.51
-0.535
-0.52
-0.54
-0.52
-0.58
-0.53
-0.305
0.14
0.09
-0.3
-0.495
-0.44
-0.48
-0.47
-0.485
-0.465
-0.465
-0.45
-0.47
-0.45
-0.455
-0.43
-0.44
-0.4
-0.41
-0.38
-0.38
-0.355
-0.36
-0.325
-0.33
-0.28
-0.28
-0.24
-0.24
-0.215
-0.225
-0.2
-0.23
-0.23
-0.27
-0.28
-0.31
-0.32
-0.34
-0.32
-0.345
-0.33
-0.34
-0.315
-0.33
-0.3
-0.305
-0.28
-0.29
-0.26
-0.275
-0.255
-0.27
-0.235
-0.26
-0.235
-0.24
-0.235
-0.24
-0.22
-0.235
-0.21
-0.225
-0.2
-0.195
-0.18
-0.2
-0.175
-0.2
-0.175
-0.19
-0.175
-0.185
-0.15
-0.17
-0.155
-0.165
-0.15
-0.17
-0.13
-0.14
-0.08
-0.04
-0.015
-0.035
-0.02
-0.095
-0.11
-0.115
-0.1
-0.12
-0.105
-0.135
-0.135
-0.16
0.08
0.44
0.57
0.185
-0.075
-0.055
-0.055
-0.08
-0.07
-0.08
-0.07
-0.075
-0.06
-0.075
-0.055
-0.075
-0.06
-0.075
-0.05
-0.06
-0.035
-0.04
-0.015
-0.025
0.01
0.01
0.04
0.04
0.065
0.04
0.08
0.05
0.06
0.015
-0.005
-0.05
-0.06
-0.105
-0.1
-0.12
-0.12
-0.14
-0.115
-0.135
-0.12
-0.13
-0.1
-0.12
-0.09
-0.115
-0.08
-0.1
-0.08
-0.08
-0.07
-0.08
-0.06
-0.08
-0.05
-0.075
-0.05
-0.06
-0.04
-0.055
-0.03
-0.04
-0.025
-0.035
-0.005
-0.02
0.005
-0.005
0.025
0.02
0.04
0.04
0.06
0.06
0.09
0.11
0.2
0.2
0.22
0.215
0.2
0.16
0.185
0.185
0.2
0.2
0.22
0.19
0.19
0.345
0.71
0.97
0.68
0.32
0.4
0.37
0.4
0.38
0.41
0.42
0.44
0.44
0.48
0.475
0.51
0.52
0.54
0.55
0.58
0.6
0.64
0.64
0.685
0.695
0.745
0.76
0.805
0.82
0.85
0.855
0.89
0.88
0.88
0.855
0.86
0.84
0.84
0.82
0.84
0.805
0.84
0.825
0.84
0.825
0.86
0.85
0.88
0.865
0.895
0.88
0.89
0.88
0.895
0.88
0.885
0.88
0.88
0.85
0.88
0.85
0.87
0.845
0.845
0.84
0.85
0.825
0.84
0.82
0.825
0.805
0.82
0.785
0.785
0.765
0.765
0.745
0.76
0.73
0.78
0.79
0.79
0.75
0.74
0.66
0.66
0.63
0.62
0.59
0.59
0.545
0.525
0.57
0.855
1.205
1.04
0.605
0.56
0.5
0.475
0.43
0.44
0.4
0.4
0.36
0.36
0.33
0.33
0.305
0.32
0.28
0.29
0.28
0.28
0.26
0.27
0.25
0.26
0.24
0.28
0.26
0.28
0.26
0.28
0.28
0.24
0.18
0.155
0.105
0.08
0.03
0.03
-0.005
-0.005
-0.05
-0.04
-0.07
-0.07
-0.095
-0.08
-0.11
-0.11
-0.13
-0.12
-0.15
-0.14
-0.17
-0.17
-0.195
-0.195
-0.225
-0.215
-0.23
-0.24
-0.27
-0.26
-0.28
-0.28
-0.3
-0.3
-0.325
-0.325
-0.34
-0.345
-0.37
-0.36
-0.375
-0.37
-0.4
-0.38
-0.375
-0.36
-0.33
-0.3
-0.32
-0.34
-0.395
-0.44
-0.455
-0.44
-0.49
-0.48
-0.5
-0.525
-0.56
-0.395
-0.06
0.24
-0.105
-0.495
-0.49
-0.52
-0.545
-0.54
-0.56
-0.56
-0.57
-0.55
-0.575
-0.56
-0.58
-0.56
-0.56
-0.56
-0.56
-0.555
-0.56
-0.54
-0.545
-0.525
-0.52
-0.495
-0.485
-0.46
-0.46
-0.455
-0.45
-0.46
-0.495
-0.51
-0.555
-0.56
-0.61
-0.62
-0.64
-0.64
-0.64
-0.64
-0.65
-0.645
-0.65
-0.635
-0.645
-0.63
-0.64
-0.62
-0.64
-0.625
-0.645
-0.63
-0.635
-0.63
-0.64
-0.64
-0.635
-0.625
-0.64
-0.625
-0.635
-0.62
-0.65
-0.63
-0.645
-0.64
-0.645
-0.635
-0.635
-0.63
-0.64
-0.63
-0.64
-0.625
-0.625
-0.585
-0.55
-0.505
-0.52
-0.51
-0.56
-0.59
-0.615
-0.6
-0.615
-0.61
-0.63
-0.62
-0.675
-0.575
-0.285
0.12
-0.115
-0.54
-0.57
-0.555
-0.59
-0.585
-0.595
-0.585
-0.59
-0.58
-0.58
-0.575
-0.56
-0.55
-0.555
-0.53
-0.53
-0.505
-0.505
-0.475
-0.48
-0.455
-0.435
-0.4
-0.39
-0.37
-0.355
-0.34
-0.34
-0.33
-0.355
-0.375
-0.4
-0.42
-0.45
-0.46
-0.465
-0.47
-0.48
-0.475
-0.475
-0.46
-0.47
-0.45
-0.455
-0.44
-0.435
-0.43
-0.435
-0.42
-0.425
-0.415
-0.42
-0.42
-0.43
-0.42
-0.41
-0.42
-0.425
-0.415
-0.42
-0.41
-0.42
-0.4
-0.42
-0.4
-0.4
-0.4
-0.4
-0.395
-0.4
-0.395
-0.395
-0.39
-0.395
-0.37
-0.33
-0.28
-0.29
-0.28
-0.315
-0.36
-0.39
-0.38
-0.4
-0.395
-0.415
-0.41
-0.45
-0.44
-0.225
0.185
0.255
-0.12
-0.385
-0.355
-0.39
-0.39
-0.4
-0.39
-0.39
-0.385
-0.39
-0.385
-0.385
-0.375
-0.38
-0.36
-0.36
-0.36
-0.35
-0.32
-0.33
-0.3
-0.305
-0.28
-0.26
-0.235
-0.235
-0.215
-0.21
-0.195
-0.215
-0.24
-0.28
-0.3
-0.33
-0.345
-0.36
-0.36
-0.38
-0.38
-0.38
-0.37
-0.38
-0.375
-0.375
-0.36
-0.375
-0.36
-0.36
-0.36
-0.37
-0.36
-0.36
-0.355
-0.375
-0.37
-0.38
-0.375
-0.39
-0.38
-0.39
-0.38
-0.39
-0.39
-0.4
-0.4
-0.41
-0.41
-0.415
-0.4
-0.42
-0.42
-0.435
-0.43
-0.44
-0.435
-0.44
-0.42
-0.39
-0.34
-0.37
-0.37
-0.4
-0.455
-0.475
-0.475
-0.485
-0.49
-0.53
-0.52
-0.56
-0.52
-0.275
0.155
0.04
-0.38
-0.51
-0.5
-0.53
-0.545
-0.55
-0.55
-0.55
-0.54
-0.545
-0.54
-0.54
-0.535
-0.535
-0.52
-0.52
-0.51
-0.5
-0.485
-0.485
-0.455
-0.44
-0.42
-0.395
-0.36
-0.36
-0.34
-0.335
-0.32
-0.345
-0.36
-0.395
-0.4
-0.435
-0.44
-0.455
-0.455
-0.455
-0.455
-0.45
-0.44
-0.435
-0.425
-0.415
-0.395
-0.39
-0.37
-0.375
-0.36
-0.37
-0.35
-0.34
-0.335
-0.335
-0.32
-0.31
-0.3
-0.295
-0.28
-0.28
-0.265
-0.26
-0.24
-0.24
-0.235
-0.225
-0.215
-0.21
-0.195
-0.19
-0.175
-0.17
-0.155
-0.15
-0.14
-0.12
-0.095
-0.03
0.01
0.005
0.01
-0.02
-0.055
-0.055
-0.04
-0.04
-0.04
-0.04
-0.05
-0.06
0.08
0.42
0.75
0.47
0.08
0.1
0.1
0.08
0.08
0.1
0.105
0.115
0.13
0.14
0.155
0.17
0.18
0.2
0.215
0.225
0.255
0.26
0.285
0.3
0.335
0.355
0.38
0.405
0.44
0.465
0.465
0.48
0.485
0.47
0.46
0.455
0.415
0.4
0.4
0.4
0.4
0.405
0.41
0.405
0.42
0.42
0.44
0.45
0.45
0.47
0.48
0.485
0.495
0.5
0.51
0.515
0.52
0.51
0.525
0.52
0.53
0.53
0.54
0.535
0.56
0.55
0.56
0.56
0.56
0.56
0.575
0.565
0.58
0.575
0.585
0.585
0.59
0.59
0.61
0.645
0.695
0.72
0.72
0.7
0.665
0.63
0.625
0.625
0.615
0.605
0.6
0.565
0.545
0.73
1.08
1.31
0.99
0.62
0.65
0.62
0.6
0.585
0.585
0.59
0.585
0.585
0.585
0.59
0.585
0.58
0.59
0.59
0.6
0.6
0.615
0.615
0.63
0.62
0.64
0.68
0.67
0.68
0.69
0.69
0.695
0.68
0.66
0.625
0.6
0.56
0.545
0.53
0.52
0.505
0.505
0.49
0.485
0.49
0.485
0.485
0.475
0.48
0.5
0.49
0.485
0.475
0.475
0.47
0.47
0.465
0.45
0.45
0.445
0.44
0.45
0.43
0.44
0.425
0.42
0.42
0.42
0.4
0.4
0.385
0.385
0.385
0.38
0.36
0.38
0.365
0.36
0.36
0.345
0.34
0.36
0.375
0.425
0.425
0.41
0.38
0.34
0.295
0.3
0.285
0.285
0.265
0.26
0.22
0.205
0.365
0.735
0.96
0.63
0.25
0.285
0.24
0.21
0.19
0.2
0.19
0.185
0.17
0.17
0.165
0.165
0.16
0.17
0.16
0.155
0.155
0.155
0.155
0.17
0.17
0.18
0.2
0.215
0.24
0.245
0.24
0.24
0.24
0.19
0.155
0.12
0.08
0.06
0.04
0.025
0.015
-0.005
-0.01
-0.015
-0.02
-0.035
-0.03
-0.035
-0.04
-0.04
-0.05
-0.055
-0.055
-0.06
-0.075
-0.075
-0.08
-0.08
-0.1
-0.11
-0.105
-0.115
-0.13
-0.13
-0.135
-0.135
-0.155
-0.155
-0.165
-0.16
-0.165
-0.17
-0.19
-0.19
-0.195
-0.2
-0.21
-0.215
-0.215
-0.215
-0.23
-0.215
-0.22
-0.2
-0.15
-0.13
-0.165
-0.17
-0.22
-0.26
-0.26
-0.265
-0.29
-0.29
-0.305
-0.325
-0.375
-0.26
0.04
0.42
0.165
-0.255
-0.29
-0.31
-0.34
-0.35
-0.355
-0.36
-0.365
-0.37
-0.36
-0.36
-0.37
-0.36
-0.36
-0.36
-0.35
-0.355
-0.355
-0.335
-0.335
-0.32
-0.3
-0.295
-0.265
-0.255
-0.25
-0.24
-0.24
-0.24
-0.26
-0.28
-0.325
-0.35
-0.375
-0.395
-0.415
-0.42
-0.425
-0.44
-0.435
-0.425
-0.43
-0.435
-0.44
-0.435
-0.435
-0.43
-0.43
-0.425
-0.44
-0.435
-0.44
-0.44
-0.44
-0.44
-0.455
-0.44
-0.46
-0.455
-0.45
-0.455
-0.46
-0.46
-0.47
-0.475
-0.465
-0.465
-0.465
-0.475
-0.485
-0.48
-0.485
-0.47
-0.48
-0.475
-0.47
-0.455
-0.42
-0.375
-0.375
-0.375
-0.4
-0.45
-0.485
-0.48
-0.485
-0.495
-0.5
-0.5
-0.54
-0.555
-0.34
0.055
0.18
-0.155
-0.475
-0.44
-0.47
-0.485
-0.49
-0.495
-0.495
-0.49
-0.49
-0.49
-0.485
-0.47
-0.47
-0.46
-0.455
-0.44
-0.44
-0.425
-0.42
-0.4
-0.395
-0.37
-0.355
-0.32
-0.32
-0.32
-0.3
-0.3
-0.305
-0.315
-0.355
-0.38
-0.42
-0.44
-0.455
-0.46
-0.485
-0.475
-0.485
-0.485
-0.485
-0.485
-0.475
-0.48
-0.485
-0.465
-0.46
-0.47
-0.46
-0.46
-0.48
-0.495
-0.485
-0.49
-0.49
-0.49
-0.495
-0.495
-0.5
-0.495
-0.5
-0.5
-0.515
-0.51
-0.52
-0.515
-0.52
-0.52
-0.535
-0.525
-0.545
-0.51
-0.53
-0.53
-0.52
-0.51
-0.495
-0.435
-0.43
-0.44
-0.455
-0.495
-0.535
-0.53
-0.54
-0.545
-0.55
-0.555
-0.595
-0.6
-0.42
-0.035
0.125
-0.22
-0.555
-0.51
-0.535
-0.55
-0.56
-0.55
-0.56
-0.55
-0.56
-0.535
-0.54
-0.53
-0.535
-0.53
-0.52
-0.5
-0.5
-0.495
-0.485
-0.46
-0.46
-0.44
-0.425
-0.39
-0.38
-0.36
-0.37
-0.355
-0.37
-0.38
-0.415
-0.435
-0.465
-0.475
-0.495
-0.5
-0.495
-0.495
-0.505
-0.5
-0.51
-0.495
-0.5
-0.49
-0.485
-0.48
-0.475
-0.465
-0.465
-0.45
-0.455
-0.455
-0.46
-0.455
-0.46
-0.44
-0.46
-0.44
-0.44
-0.435
-0.45
-0.43
-0.44
-0.43
-0.44
-0.42
-0.43
-0.415
-0.42
-0.415
-0.415
-0.4
-0.415
-0.4
-0.4
-0.37
-0.33
-0.28
-0.3
-0.29
-0.325
-0.36
-0.36
-0.355
-0.36
-0.36
-0.4
-0.37
-0.42
-0.315
-0.045
0.365
0.17
-0.235
-0.295
-0.295
-0.33
-0.32
-0.34
-0.32
-0.34
-0.32
-0.32
-0.305
-0.31
-0.29
-0.3
-0.28
-0.28
-0.26
-0.28
-0.24
-0.26
-0.23
-0.24
-0.2
-0.2
-0.16
-0.165
-0.14
-0.135
-0.11
-0.13
-0.135
-0.17
-0.18
-0.215
-0.215
-0.225
-0.2
-0.23
-0.22
-0.23
-0.22
-0.225
-0.2
-0.23
-0.19
-0.215
-0.19
-0.2
-0.18
-0.195
-0.17
-0.185
-0.17
-0.19
-0.17
-0.19
-0.165
-0.19
-0.17
-0.18
-0.17
-0.17
-0.155
-0.175
-0.15
-0.17
-0.155
-0.165
-0.155
-0.165
-0.15
-0.165
-0.145
-0.14
-0.08
-0.055
-0.05
-0.06
-0.07
-0.14
-0.14
-0.15
-0.14
-0.165
-0.15
-0.18
-0.21
-0.165
0.125
0.53
0.46
0.025
-0.08
-0.125
-0.145
-0.17
-0.165
-0.175
-0.165
-0.175
-0.155
-0.18
-0.155
-0.17
-0.16
-0.155
-0.135
-0.155
-0.12
-0.13
-0.1
-0.105
-0.075
-0.08
-0.04
-0.04
0.005
0.0
0.02
0.0
0.015
-0.03
-0.05
-0.08
-0.1
-0.145
-0.12
-0.165
-0.14
-0.15
-0.155
-0.165
-0.145
-0.17
-0.15
-0.165
-0.15
-0.165
-0.14
-0.155
-0.135
-0.16
-0.145
-0.165
-0.155
-0.17
-0.15
-0.155
-0.15
-0.165
-0.15
-0.18
-0.16
-0.175
-0.165
-0.18
-0.165
-0.165
-0.165
-0.175
-0.165
-0.18
-0.165
-0.18
-0.15
-0.14
-0.075
-0.07
-0.075
-0.1
-0.135
-0.19
-0.17
-0.195
-0.19
-0.2
-0.2
-0.24
-0.255
-0.08
0.32
0.52
0.18
-0.19
-0.15
-0.19
-0.2
-0.21
-0.2
-0.22
-0.2
-0.215
-0.2
-0.21
-0.19
-0.2
-0.185
-0.19
-0.17
-0.18
-0.165
-0.17
-0.14
-0.14
-0.11
-0.1
-0.06
-0.065
-0.04
-0.05
-0.03
-0.05
-0.065
-0.11
-0.135
-0.18
-0.185
-0.21
-0.2
-0.235
-0.225
-0.24
-0.23
-0.24
-0.23
-0.24
-0.22
-0.235
-0.22
-0.23
-0.215
-0.22
-0.215
-0.225
-0.2
-0.225
-0.22
-0.225
-0.225
-0.235
-0.225
-0.24
-0.23
-0.24
-0.24
-0.255
-0.24
-0.26
-0.24
-0.26
-0.26
-0.26
-0.25
-0.26
-0.24
-0.235
-0.165
-0.155
-0.16
-0.17
-0.21
-0.265
-0.26
-0.27
-0.27
-0.28
-0.28
-0.31
-0.34
-0.2
0.135
0.46
0.175
-0.24
-0.23
-0.26
-0.27
-0.295
-0.28
-0.28
-0.28
-0.29
-0.28
-0.28
-0.28
-0.28
-0.275
-0.275
-0.27
-0.26
-0.24
-0.24
-0.23
-0.22
-0.19
-0.175
-0.16
-0.14
-0.11
-0.12
-0.11
-0.13
-0.15
-0.175
-0.2
-0.24
-0.27
-0.29
-0.3
-0.32
-0.32
-0.34
-0.335
-0.34
-0.34
-0.335
-0.335
-0.34
-0.325
-0.34
-0.34
-0.335
-0.34
-0.345
-0.34
-0.36
-0.36
-0.355
-0.35
-0.37
-0.37
-0.375
-0.37
-0.375
-0.37
-0.38
-0.38
-0.38
-0.375
-0.385
-0.38
-0.39
-0.38
-0.38
-0.345
-0.3
-0.28
-0.3
-0.3
-0.34
-0.38
-0.38
-0.38
-0.395
-0.395
-0.4
-0.425
-0.45
-0.3
0.06
0.32
0.005
-0.36
-0.32
-0.36
-0.385
-0.385
-0.385
-0.39
-0.39
-0.38
-0.37
-0.38
-0.375
-0.36
-0.36
-0.345
-0.34
-0.335
-0.32
-0.32
-0.305
-0.28
-0.26
-0.25
-0.225
-0.21
-0.21
-0.18
-0.18
-0.195
-0.215
-0.24
-0.275
-0.305
-0.32
-0.33
-0.33
-0.335
-0.32
-0.345
-0.35
-0.34
-0.335
-0.32
-0.32
-0.32
-0.31
-0.31
-0.31
-0.305
-0.3
-0.295
-0.29
-0.3
-0.29
-0.29
-0.29
-0.29
-0.275
-0.28
-0.275
-0.275
-0.27
-0.26
-0.24
-0.255
-0.25
-0.24
-0.24
-0.24
-0.235
-0.23
-0.2
-0.12
-0.12
-0.13
-0.12
-0.165
-0.185
-0.185
-0.19
-0.19
-0.195
-0.195
-0.21
-0.24
-0.115
0.215
0.56
0.32
-0.075
-0.08
-0.11
-0.135
-0.13
-0.12
-0.12
-0.12
-0.11
-0.095
-0.095
-0.09
-0.07
-0.065
-0.06
-0.05
-0.03
-0.03
-0.01
0.01
0.02
0.04
0.05
0.07
0.1
0.12
0.13
0.14
0.15
0.14
0.13
0.1
0.09
0.08
0.08
0.065
0.08
0.065
0.08
0.08
0.09
0.09
0.1
0.1
0.12
0.11
0.13
0.135
0.14
0.145
0.17
0.165
0.165
0.165
0.18
0.18
0.2
0.19
0.2
0.185
0.205
0.21
0.21
0.21
0.22
0.215
0.23
0.24
0.26
0.265
0.32
0.34
0.35
0.34
0.315
0.28
0.285
0.285
0.28
0.28
0.28
0.26
0.24
0.325
0.61
0.955
0.8
0.4
0.36
0.335
0.325
0.3
0.305
0.3
0.31
0.32
0.335
0.33
0.325
0.33
0.34
0.34
0.345
0.345
0.365
0.365
0.38
0.4
0.405
0.42
0.43
0.455
0.485
0.485
0.5
0.5
0.495
0.46
0.44
0.4
0.4
0.38
0.375
0.375
0.36
0.35
0.365
0.34
0.345
0.345
0.35
0.34
0.36
0.35
0.37
0.36
0.365
0.36
0.37
0.35
0.36
0.345
0.36
0.36
0.36
0.345
0.36
0.34
0.345
0.34
0.345
0.335
0.34
0.33
0.34
0.34
0.35
0.35
0.405
0.43
0.44
0.43
0.4
0.34
0.335
0.32
0.32
0.32
0.305
0.29
0.26
0.27
0.545
0.97
0.945
0.51
0.34
0.32
0.295
0.27
0.27
0.265
0.27
0.265
0.28
0.26
0.265
0.26
0.28
0.27
0.28
0.27
0.285
0.285
0.295
0.305
0.325
0.335
0.365
0.375
0.4
0.4
0.415
0.4
0.38
0.345
0.32
0.28
0.255
0.225
0.24
0.205
0.205
0.19
0.185
0.17
0.17
0.165
0.17
0.17
0.175
0.155
0.18
0.17
0.17
0.165
0.16
0.145
0.155
0.14
0.155
0.14
0.14
0.13
0.14
0.12
0.14
0.11
0.12
0.105
0.12
0.1
0.1
0.09
0.105
0.125
0.19
0.2
0.19
0.16
0.12
0.09
0.08
0.06
0.06
0.04
0.04
0.0
-0.03
0.12
0.49
0.76
0.44
0.025
0.05
0.025
0.01
-0.005
0.0
-0.005
-0.01
-0.01
-0.01
-0.01
-0.005
-0.01
0.005
-0.01
-0.005
-0.005
0.02
0.015
0.03
0.04
0.055
0.07
0.095
0.105
0.12
0.12
0.13
0.1
0.08
0.025
0.005
-0.04
-0.055
-0.08
-0.075
-0.1
-0.095
-0.12
-0.11
-0.12
-0.11
-0.12
-0.11
-0.11
-0.105
-0.115
-0.1
-0.11
-0.105
-0.12
-0.115
-0.135
-0.12
-0.135
-0.12
-0.13
-0.13
-0.15
-0.14
-0.16
-0.15
-0.17
-0.155
-0.17
-0.175
-0.175
-0.165
-0.165
-0.125
-0.095
-0.08
-0.08
-0.115
-0.175
-0.2
-0.215
-0.22
-0.235
-0.24
-0.26
-0.28
-0.3
-0.095
0.28
0.38
-0.03
-0.28
-0.26
-0.27
-0.31
-0.31
-0.3
-0.3
-0.32
-0.32
-0.335
-0.315
-0.335
-0.32
-0.335
-0.32
-0.32
-0.32
-0.32
-0.3
-0.315
-0.29
-0.29
-0.265
-0.255
-0.24
-0.24
-0.22
-0.24
-0.24
-0.28
-0.3
-0.33
-0.355
-0.39
-0.39
-0.4
-0.4
-0.42
-0.395
-0.41
-0.395
-0.4
-0.39
-0.39
-0.375
-0.38
-0.36
-0.36
-0.355
-0.355
-0.35
-0.36
-0.34
-0.34
-0.34
-0.34
-0.32
-0.32
-0.315
-0.32
-0.3
-0.305
-0.28
-0.28
-0.26
-0.27
-0.255
-0.24
-0.22
-0.17
-0.12
-0.13
-0.1
-0.145
-0.17
-0.185
-0.165
-0.165
-0.15
-0.165
-0.155
-0.195
-0.075
0.22
0.63
0.425
0.025
-0.005
-0.01
-0.04
-0.02
-0.02
-0.005
-0.01
0.025
0.02
0.05
0.06
0.08
0.08
0.12
0.115
0.15
0.15
0.18
0.185
0.22
0.225
0.27
0.28
0.325
0.335
0.37
0.38
0.405
0.385
0.4
0.365
0.36
0.35
0.365
0.35
0.38
0.375
0.4
0.385
0.42
0.405
0.43
0.44
0.45
0.46
0.485
0.495
0.52
0.515
0.545
0.54
0.565
0.56
0.575
0.58
0.585
0.6
0.62
0.62
0.635
0.64
0.66
0.655
0.665
0.665
0.68
0.69
0.73
0.76
0.81
0.8
0.82
0.77
0.76
0.73
0.75
0.74
0.745
0.73
0.735
0.685
0.775
1.04
1.45
1.34
0.935
0.82
0.825
0.785
0.785
0.78
0.79
0.78
0.795
0.785
0.795
0.79
0.805
0.795
0.815
0.805
0.825
0.815
0.84
0.825
0.855
0.85
0.88
0.885
0.91
0.91
0.945
0.945
0.95
0.92
0.89
0.86
0.84
0.795
0.795
0.775
0.77
0.745
0.76
0.73
0.74
0.725
0.74
0.725
0.735
0.73
0.73
0.72
0.73
0.72
0.73
0.72
0.72
0.705
0.71
0.7
0.695
0.68
0.685
0.665
0.67
0.66
0.665
0.64
0.65
0.625
0.64
0.625
0.635
0.63
0.66
0.7
0.73
0.7
0.705
0.65
0.605
0.585
0.6
0.56
0.56
0.545
0.52
0.465
0.58
0.905
1.29
1.01
0.575
0.56
0.54
0.505
0.51
0.5
0.5
0.495
0.505
0.485
0.5
0.49
0.51
0.49
0.5
0.49
0.52
0.505
0.525
0.53
0.545
0.56
0.58
0.585
0.62
0.62
0.64
0.635
0.64
0.6
0.58
0.54
0.52
0.48
0.485
0.455
0.46
0.44
0.445
0.44
0.46
0.44
0.46
0.44
0.465
0.455
0.465
0.45
0.46
0.445
0.46
0.445
0.45
0.445
0.455
0.445
0.45
0.44
0.445
0.44
0.445
0.43
0.44
0.44
0.43
0.42
0.44
0.42
0.44
0.44
0.46
0.49
0.56
0.56
0.55
0.535
0.485
0.44
0.455
0.43
0.435
0.42
0.42
0.385
0.375
0.56
0.955
1.105
0.75
0.42
0.46
0.425
0.42
0.4
0.42
0.405
0.42
0.405
0.425
0.4
0.41
0.405
0.42
0.425
0.44
0.44
0.455
0.45
0.475
0.475
0.52
0.51
0.545
0.54
0.57
0.565
0.57
0.54
0.535
0.475
0.46
0.42
0.41
0.38
0.4
0.36
0.375
0.36
0.38
0.36
0.38
0.37
0.385
0.38
0.4
0.38
0.38
0.36
0.38
0.365
0.365
0.35
0.37
0.345
0.36
0.34
0.35
0.345
0.345
0.33
0.345
0.33
0.33
0.32
0.325
0.315
0.32
0.32
0.335
0.36
0.42
0.405
0.4
0.37
0.33
0.285
0.3
0.28
0.28
0.26
0.26
0.21
0.21
0.42
0.825
0.89
0.52
0.24
0.285
0.24
0.24
0.21
0.225
0.21
0.215
0.21
0.22
0.205
0.22
0.2
0.22
0.205
0.225
0.21
0.24
0.23
0.26
0.25
0.28
0.28
0.305
0.305
0.32
0.32
0.32
0.285
0.28
0.225
0.21
0.165
0.145
0.12
0.12
0.09
0.095
0.08
0.085
0.065
0.08
0.065
0.09
0.08
0.08
0.08
0.065
0.05
0.06
0.04
0.04
0.02
0.04
0.015
0.02
-0.005
0.01
-0.015
-0.01
-0.025
-0.02
-0.04
-0.02
-0.04
-0.04
-0.055
-0.04
-0.07
-0.055
-0.065
-0.04
-0.01
0.04
0.02
0.01
-0.025
-0.075
-0.1
-0.08
-0.11
-0.115
-0.14
-0.12
-0.195
-0.12
0.14
0.57
0.375
-0.04
-0.11
-0.11
-0.16
-0.16
-0.18
-0.175
-0.19
-0.18
-0.19
-0.18
-0.2
-0.18
-0.195
-0.18
-0.195
-0.175
-0.195
-0.17
-0.18
-0.155
-0.17
-0.135
-0.15
-0.105
-0.12
-0.095
-0.11
-0.1
-0.14
-0.15
-0.2
-0.2
-0.255
-0.26
-0.28
-0.28
-0.31
-0.295
-0.32
-0.305
-0.32
-0.31
-0.31
-0.29
-0.3
-0.3
-0.32
-0.28
-0.32
-0.3
-0.33
-0.32
-0.35
-0.335
-0.36
-0.34
-0.36
-0.35
-0.37
-0.36
-0.375
-0.355
-0.385
-0.37
-0.395
-0.355
-0.39
-0.38
-0.4
-0.38
-0.4
-0.375
-0.375
-0.315
-0.295
-0.295
-0.315
-0.32
-0.4
-0.38
-0.4
-0.415
-0.435
-0.41
-0.47
-0.485
-0.42
-0.115
0.28
0.14
-0.325
-0.36
-0.415
-0.43
-0.475
-0.46
-0.485
-0.46
-0.485
-0.46
-0.48
-0.465
-0.495
-0.465
-0.49
-0.47
-0.485
-0.465
-0.48
-0.455
-0.47
-0.44
-0.455
-0.42
-0.435
-0.395
-0.41
-0.375
-0.39
-0.38
-0.42
-0.425
-0.46
-0.455
-0.495
-0.475
-0.505
-0.485
-0.51
-0.49
-0.52
-0.485
-0.51
-0.49
-0.5
-0.465
-0.48
-0.455
-0.475
-0.44
-0.45
-0.44
-0.465
-0.44
-0.455
-0.43
-0.44
-0.415
-0.43
-0.4
-0.42
-0.39
-0.41
-0.385
-0.4
-0.37
-0.39
-0.355
-0.38
-0.355
-0.375
-0.335
-0.35
-0.295
-0.26
-0.22
-0.24
-0.215
-0.28
-0.28
-0.305
-0.285
-0.31
-0.29
-0.305
-0.3
-0.355
-0.185
0.135
0.5
0.24
-0.155
-0.19
-0.21
-0.24
-0.225
-0.24
-0.21
-0.23
-0.2
-0.21
-0.18
-0.195
-0.165
-0.18
-0.16
-0.165
-0.135
-0.14
-0.115
-0.115
-0.07
-0.075
-0.04
-0.035
0.01
0.01
0.045
0.045
0.08
0.025
0.025
-0.015
-0.015
-0.06
-0.04
-0.075
-0.055
-0.08
-0.06
-0.08
-0.055
-0.07
-0.04
-0.055
-0.035
-0.04
-0.005
-0.03
0.005
-0.01
0.005
-0.01
0.015
-0.01
0.02
-0.01
0.02
0.0
0.03
0.01
0.03
0.02
0.04
0.025
0.04
0.02
0.06
0.035
0.05
0.045
0.08
0.05
0.08
0.065
0.135
0.165
0.185
0.165
0.17
0.08
0.09
0.065
0.08
0.065
0.065
0.04
0.03
0.01
0.26
0.665
0.73
0.305
0.1
0.095
0.085
0.06
0.065
0.06
0.09
0.06
0.08
0.065
0.095
0.085
0.105
0.095
0.11
0.1
0.125
0.12
0.145
0.155
0.175
0.18
0.215
0.21
0.245
0.24
0.265
0.24
0.255
0.22
0.2
0.145
0.14
0.1
0.105
0.08
0.09
0.07
0.09
0.08
0.095
0.08
0.11
0.1
0.12
0.105
0.135
0.11
0.135
0.12
0.14
0.11
0.14
0.125
0.14
0.13
0.155
0.12
0.15
0.13
0.165
0.14
0.16
0.14
0.17
0.145
0.16
0.155
0.175
0.155
0.19
0.165
0.19
0.2
0.255
0.29
0.3
0.28
0.27
0.205
0.205
0.2
0.205
0.18
0.2
0.18
0.155
0.18
0.45
0.845
0.795
0.35
0.24
0.24
0.23
0.205
0.22
0.21
0.24
0.21
0.24
0.23
0.24
0.22
0.25
0.25
0.275
0.27
0.3
0.29
0.33
0.33
0.36
0.37
0.41
0.41
0.445
0.44
0.455
0.44
0.45
0.4
0.4
0.345
0.34
0.305
0.32
0.28
0.3
0.27
0.29
0.28
0.295
0.285
0.33
0.3
0.325
0.305
0.325
0.3
0.325
0.295
0.325
0.305
0.32
0.29
0.32
0.285
0.31
0.28
0.3
0.275
0.295
0.27
0.3
0.265
0.3
0.28
0.29
0.27
0.3
0.28
0.29
0.27
0.3
0.29
0.355
0.38
0.385
0.37
0.36
0.29
0.28
0.265
0.285
0.25
0.28
0.24
0.22
0.22
0.485
0.88
0.815
0.38
0.26
0.26
0.265
0.225
0.24
0.21
0.24
0.205
0.24
0.21
0.22
0.205
0.23
0.21
0.24
0.22
0.25
0.24
0.265
0.24
0.27
0.26
0.305
0.3
0.33
0.32
0.33
0.32
0.32
0.265
0.265
0.21
0.2
0.155
0.155
0.12
0.125
0.105
0.12
0.1
0.11
0.095
0.115
0.095
0.11
0.09
0.11
0.09
0.09
0.08
0.08
0.06
0.08
0.04
0.06
0.04
0.05
0.02
0.04
0.02
0.035
0.0
0.01
0.0
0.015
-0.01
0.0
-0.01
-0.005
-0.035
-0.02
-0.03
-0.01
-0.02
0.06
0.065
0.07
0.04
0.02
-0.05
-0.03
-0.07
-0.06
-0.1
-0.08
-0.12
-0.14
-0.075
0.225
0.6
0.44
-0.01
-0.035
-0.08
-0.1
-0.135
-0.115
-0.14
-0.13
-0.145
-0.12
-0.14
-0.13
-0.155
-0.125
-0.145
-0.125
-0.14
-0.11
-0.135
-0.11
-0.115
-0.095
-0.115
-0.075
-0.08
-0.04
-0.06
-0.03
-0.04
-0.04
-0.08
-0.08
-0.13
-0.13
-0.165
-0.15
-0.17
-0.16
-0.19
-0.165
-0.19
-0.165
-0.19
-0.165
-0.19
-0.16
-0.17
-0.15
-0.165
-0.14
-0.16
-0.14
-0.175
-0.15
-0.175
-0.16
-0.18
-0.155
-0.175
-0.15
-0.175
-0.15
-0.18
-0.155
-0.175
-0.155
-0.165
-0.16
-0.18
-0.17
-0.19
-0.165
-0.18
-0.16
-0.145
-0.08
-0.08
-0.075
-0.11
-0.12
-0.18
-0.165
-0.185
-0.18
-0.21
-0.19
-0.24
-0.24
-0.105
0.285
0.54
0.265
-0.14
-0.115
-0.19
-0.18
-0.21
-0.195
-0.21
-0.195
-0.215
-0.195
-0.21
-0.185
-0.21
-0.18
-0.2
-0.18
-0.195
-0.165
-0.175
-0.15
-0.155
-0.12
-0.135
-0.09
-0.1
-0.075
-0.075
-0.06
-0.08
-0.075
-0.12
-0.13
-0.175
-0.185
-0.21
-0.2
-0.24
-0.22
-0.25
-0.235
-0.24
-0.22
-0.25
-0.23
-0.24
-0.23
-0.24
-0.22
-0.24
-0.225
-0.24
-0.215
-0.24
-0.235
-0.25
-0.235
-0.26
-0.235
-0.26
-0.24
-0.26
-0.24
-0.26
-0.24
-0.27
-0.255
-0.26
-0.25
-0.27
-0.25
-0.27
-0.26
-0.27
-0.26
-0.27
-0.23
-0.2
-0.145
-0.18
-0.18
-0.24
-0.27
-0.29
-0.28
-0.295
-0.305
-0.32
-0.33
-0.38
-0.235
0.085
0.445
0.14
-0.27
-0.28
-0.29
-0.315
-0.315
-0.32
-0.315
-0.33
-0.315
-0.32
-0.3
-0.32
-0.3
-0.315
-0.29
-0.32
-0.28
-0.29
-0.27
-0.275
-0.24
-0.24
-0.21
-0.21
-0.18
-0.19
-0.165
-0.18
-0.17
-0.2
-0.215
-0.255
-0.28
-0.31
-0.315
-0.335
-0.34
-0.35
-0.35
-0.36
-0.34
-0.35
-0.33
-0.34
-0.32
-0.32
-0.32
-0.325
-0.325
-0.34
-0.325
-0.33
-0.33
-0.34
-0.335
-0.35
-0.345
-0.35
-0.34
-0.355
-0.345
-0.35
-0.35
-0.355
-0.345
-0.36
-0.35
-0.365
-0.345
-0.36
-0.35
-0.355
-0.345
-0.355
-0.315
-0.265
-0.24
-0.27
-0.265
-0.335
-0.355
-0.36
-0.36
-0.38
-0.38
-0.4
-0.425
-0.46
-0.275
0.07
0.295
-0.06
-0.4
-0.38
-0.4
-0.425
-0.42
-0.44
-0.425
-0.435
-0.43
-0.45
-0.43
-0.45
-0.43
-0.44
-0.425
-0.43
-0.4
-0.42
-0.395
-0.4
-0.375
-0.36
-0.335
-0.325
-0.295
-0.29
-0.28
-0.29
-0.295
-0.33
-0.33
-0.37
-0.39
-0.43
-0.415
-0.44
-0.435
-0.44
-0.43
-0.435
-0.42
-0.415
-0.395
-0.39
-0.38
-0.375
-0.355
-0.36
-0.345
-0.35
-0.34
-0.34
-0.33
-0.335
-0.325
-0.33
-0.31
-0.315
-0.295
-0.3
-0.28
-0.28
-0.26
-0.275
-0.26
-0.265
-0.24
-0.25
-0.225
-0.235
-0.215
-0.215
-0.2
-0.18
-0.115
-0.08
-0.06
-0.075
-0.08
-0.135
-0.14
-0.145
-0.135
-0.155
-0.14
-0.155
-0.175
-0.12
0.14
0.56
0.465
0.045
-0.055
-0.05
-0.06
-0.075
-0.06
-0.065
-0.04
-0.04
-0.02
-0.03
-0.005
0.0
0.02
0.02
0.035
0.04
0.06
0.08
0.09
0.1
0.14
0.15
0.2
0.215
0.24
0.255
0.28
0.265
0.28
0.245
0.23
0.2
0.185
0.17
0.17
0.155
0.17
0.17
0.18
0.185
0.2
0.2
0.22
0.22
0.24
0.24
0.25
0.24
0.26
0.25
0.255
0.24
0.255
0.24
0.245
0.24
0.245
0.24
0.24
0.225
0.245
0.24
0.24
0.225
0.22
0.21
0.22
0.205
0.21
0.205
0.2
0.2
0.225
0.225
0.28
0.285
0.28
0.26
0.215
0.17
0.18
0.165
0.155
0.135
0.13
0.09
0.09
0.285
0.67
0.74
0.37
0.105
0.145
0.105
0.095
0.08
0.08
0.08
0.08
0.07
0.08
0.055
0.06
0.05
0.06
0.045
0.05
0.06
0.065
0.06
0.08
0.07
0.09
0.1
0.11
0.11
0.115
0.1
0.12
0.08
0.065
0.025
0.0
-0.04
-0.06
-0.09
-0.095
-0.11
-0.12
-0.13
-0.13
-0.13
-0.13
-0.15
-0.135
-0.145
-0.14
-0.145
-0.135
-0.165
-0.16
-0.175
-0.16
-0.18
-0.18
-0.195
-0.195
-0.21
-0.2
-0.22
-0.215
-0.22
-0.22
-0.235
-0.22
-0.24
-0.235
-0.24
-0.24
-0.255
-0.255
-0.27
-0.24
-0.235
-0.195
-0.17
-0.175
-0.19
-0.215
-0.275
-0.275
-0.28
-0.295
-0.31
-0.315
-0.34
-0.375
-0.28
0.0
0.37
0.165
-0.255
-0.275
-0.315
-0.34
-0.355
-0.355
-0.36
-0.35
-0.355
-0.355
-0.36
-0.36
-0.37
-0.355
-0.345
-0.35
-0.35
-0.34
-0.35
-0.32
-0.34
-0.32
-0.315
-0.29
-0.28
-0.26
-0.26
-0.24
-0.26
-0.26
-0.29
-0.31
-0.345
-0.345
-0.375
-0.36
-0.38
-0.375
-0.38
-0.375
-0.38
-0.375
-0.375
-0.365
-0.375
-0.355
-0.36
-0.35
-0.35
-0.355
-0.355
-0.345
-0.36
-0.35
-0.36
-0.36
-0.36
-0.35
-0.355
-0.35
-0.35
-0.35
-0.355
-0.35
-0.365
-0.35
-0.355
-0.335
-0.345
-0.335
-0.34
-0.31
-0.29
-0.23
-0.225
-0.235
-0.24
-0.29
-0.32
-0.31
-0.32
-0.32
-0.33
-0.32
-0.36
-0.35
-0.18
0.21
0.41
0.085
-0.265
-0.25
-0.29
-0.3
-0.305
-0.3
-0.31
-0.29
-0.29
-0.28
-0.29
-0.28
-0.28
-0.265
-0.27
-0.265
-0.26
-0.24
-0.235
-0.215
-0.21
-0.185
-0.165
-0.15
-0.13
-0.1
-0.1
-0.09
-0.115
-0.13
-0.165
-0.18
-0.21
-0.22
-0.235
-0.25
-0.255
-0.26
-0.265
-0.26
-0.26
-0.255
-0.24
-0.255
-0.24
-0.24
-0.24
-0.235
-0.24
-0.24
-0.24
-0.24
-0.235
-0.23
-0.235
-0.235
-0.235
-0.225
-0.23
-0.235
-0.24
-0.24
-0.23
-0.235
-0.24
-0.24
-0.235
-0.225
-0.235
-0.225
-0.23
-0.225
-0.23
-0.21
-0.18
-0.12
-0.115
-0.12
-0.14
-0.185
-0.22
-0.215
-0.23
-0.235
-0.24
-0.24
-0.27
-0.29
-0.1
0.285
0.475
0.135
-0.215
-0.185
-0.22
-0.23
-0.225
-0.23
-0.24
-0.23
-0.23
-0.23
-0.235
-0.22
-0.215
-0.21
-0.215
-0.195
-0.19
-0.18
-0.175
-0.165
-0.15
-0.12
-0.11
-0.08
-0.075
-0.055
-0.055
-0.05
-0.065
-0.075
-0.12
-0.15
-0.18
-0.2
-0.215
-0.23
-0.24
-0.24
-0.24
-0.25
-0.255
-0.24
-0.24
-0.24
-0.24
-0.235
-0.235
-0.23
-0.24
-0.23
-0.24
-0.24
-0.24
-0.24
-0.24
-0.24
-0.255
-0.24
-0.25
-0.255
-0.26
-0.255
-0.26
-0.26
-0.27
-0.265
-0.265
-0.26
-0.27
-0.27
-0.265
-0.26
-0.27
-0.25
-0.24
-0.19
-0.155
-0.165
-0.175
-0.205
-0.26
-0.27
-0.28
-0.28
-0.29
-0.295
-0.31
-0.335
-0.3
-0.05
0.38
0.28
-0.15
-0.28
-0.275
-0.28
-0.3
-0.305
-0.3
-0.3
-0.3
-0.3
-0.295
-0.29
-0.28
-0.29
-0.29
-0.28
-0.275
-0.26
-0.26
-0.24
-0.23
-0.21
-0.19
-0.165
-0.16
-0.135
-0.135
-0.12
-0.14
-0.145
-0.18
-0.2
-0.23
-0.26
-0.28
-0.295
-0.305
-0.31
-0.32
-0.31
-0.32
-0.315
-0.32
-0.315
-0.31
-0.3
-0.3
-0.3
-0.3
-0.295
-0.305
-0.3
-0.3
-0.3
-0.31
-0.305
-0.31
-0.31
-0.315
-0.305
-0.31
-0.305
-0.315
-0.325
-0.32
-0.31
-0.32
-0.3
-0.325
-0.32
-0.32
-0.32
-0.32
-0.3
-0.28
-0.235
-0.2
-0.215
-0.23
-0.26
-0.315
-0.31
-0.32
-0.315
-0.33
-0.34
-0.355
-0.39
-0.32
-0.055
0.37
0.21
-0.23
-0.3
-0.305
-0.32
-0.35
-0.32
-0.345
-0.34
-0.34
-0.325
-0.325
-0.325
-0.33
-0.32
-0.32
-0.31
-0.315
-0.29
-0.29
-0.27
-0.27
-0.24
-0.23
-0.215
-0.195
-0.17
-0.17
-0.165
-0.17
-0.19
-0.21
-0.24
-0.275
-0.29
-0.325
-0.33
-0.35
-0.35
-0.355
-0.355
-0.36
-0.35
-0.35
-0.345
-0.35
-0.335
-0.34
-0.34
-0.34
-0.32
-0.34
-0.335
-0.35
-0.355
-0.355
-0.35
-0.355
-0.355
-0.36
-0.355
-0.35
-0.35
-0.355
-0.36
-0.36
-0.35
-0.355
-0.36
-0.35
-0.36
-0.36
-0.35
-0.35
-0.355
-0.34
-0.295
-0.25
-0.255
-0.265
-0.275
-0.335
-0.355
-0.34
-0.35
-0.375
-0.38
-0.38
-0.42
-0.39
-0.135
0.28
0.22
-0.2
-0.34
-0.335
-0.36
-0.38
-0.385
-0.385
-0.385
-0.38
-0.38
-0.38
-0.37
-0.375
-0.37
-0.36
-0.36
-0.355
-0.355
-0.35
-0.34
-0.33
-0.315
-0.305
-0.29
-0.28
-0.27
-0.255
-0.24
-0.255
-0.26
-0.28
-0.31
-0.34
-0.36
-0.38
-0.395
-0.4
-0.4
-0.42
-0.415
-0.415
-0.41
-0.42
-0.4
-0.4
-0.395
-0.395
-0.395
-0.4
-0.395
-0.39
-0.385
-0.4
-0.4
-0.4
-0.395
-0.4
-0.4
-0.395
-0.395
-0.395
-0.395
-0.395
-0.39
-0.395
-0.39
-0.39
-0.375
-0.38
-0.375
-0.38
-0.37
-0.37
-0.355
-0.36
-0.36
-0.355
-0.335
-0.295
-0.24
-0.25
-0.24
-0.26
-0.3
-0.325
-0.315
-0.33
-0.33
-0.34
-0.335
-0.37
-0.375
-0.175
0.215
0.36
0.02
-0.28
-0.24
-0.29
-0.29
-0.305
-0.29
-0.3
-0.28
-0.28
-0.275
-0.28
-0.26
-0.25
-0.24
-0.24
-0.225
-0.23
-0.21
-0.195
-0.185
-0.18
-0.145
-0.135
-0.1
-0.1
-0.075
-0.06
-0.05
-0.06
-0.07
-0.11
-0.12
-0.165
-0.165
-0.185
-0.19
-0.19
-0.18
-0.2
-0.195
-0.195
-0.175
-0.18
-0.17
-0.165
-0.155
-0.165
-0.14
-0.155
-0.14
-0.15
-0.135
-0.14
-0.135
-0.145
-0.14
-0.14
-0.13
-0.14
-0.13
-0.13
-0.105
-0.13
-0.12
-0.13
-0.115
-0.12
-0.115
-0.11
-0.105
-0.12
-0.11
-0.12
-0.105
-0.115
-0.1
-0.105
-0.095
-0.065
-0.015
0.005
0.005
-0.005
-0.025
-0.08
-0.07
-0.08
-0.08
-0.095
-0.095
-0.1
-0.135
-0.095
0.18
0.59
0.525
0.1
-0.03
-0.035
-0.055
-0.075
-0.06
-0.075
-0.06
-0.08
-0.05
-0.06
-0.055
-0.055
-0.04
-0.04
-0.02
-0.02
0.005
-0.005
0.04
0.025
0.05
0.055
0.09
0.095
0.12
0.12
0.15
0.12
0.13
0.085
0.085
0.04
0.03
-0.02
-0.02
-0.04
-0.035
-0.06
-0.05
-0.06
-0.05
-0.06
-0.035
-0.06
-0.04
-0.05
-0.05
-0.05
-0.04
-0.06
-0.04
-0.06
-0.06
-0.075
-0.065
-0.08
-0.075
-0.09
-0.09
-0.095
-0.08
-0.09
-0.095
-0.095
-0.095
-0.105
-0.09
-0.1
-0.08
-0.105
-0.1
-0.105
-0.09
-0.115
-0.1
-0.1
-0.08
-0.08
-0.01
0.01
0.02
-0.005
-0.025
-0.08
-0.07
-0.095
-0.08
-0.1
-0.1
-0.12
-0.135
-0.095
0.2
0.6
0.475
0.04
-0.035
-0.05
-0.05
-0.08
-0.06
-0.075
-0.06
-0.065
-0.035
-0.055
-0.025
-0.04
-0.015
-0.01
0.0
0.005
0.04
0.03
0.07
0.07
0.12
0.12
0.155
0.16
0.2
0.21
0.22
0.22
0.225
0.2
0.185
0.14
0.145
0.12
0.12
0.1
0.12
0.11
0.125
0.12
0.14
0.135
0.155
0.15
0.19
0.17
0.21
0.2
0.225
0.22
0.225
0.22
0.24
0.225
0.26
0.24
0.26
0.26
0.28
0.28
0.29
0.28
0.3
0.29
0.31
0.305
0.335
0.32
0.345
0.33
0.36
0.34
0.365
0.36
0.4
0.365
0.4
0.41
0.47
0.505
0.53
0.505
0.52
0.455
0.445
0.445
0.46
0.44
0.44
0.43
0.43
0.4
0.62
0.985
1.15
0.78
0.5
0.52
0.52
0.5
0.495
0.5
0.52
0.5
0.52
0.51
0.54
0.53
0.56
0.54
0.57
0.56
0.585
0.57
0.605
0.605
0.635
0.63
0.68
0.685
0.7
0.705
0.725
0.72
0.725
0.685
0.68
0.635
0.62
0.6
0.59
0.56
0.57
0.56
0.565
0.545
0.56
0.56
0.565
0.56
0.57
0.57
0.585
0.57
0.6
0.57
0.57
0.56
0.57
0.56
0.575
0.56
0.565
0.56
0.56
0.54
0.57
0.545
0.55
0.55
0.545
0.535
0.55
0.535
0.53
0.52
0.525
0.52
0.525
0.5
0.51
0.5
0.52
0.53
0.56
0.595
0.61
0.58
0.58
0.52
0.495
0.47
0.475
0.46
0.45
0.44
0.425
0.37
0.545
0.865
1.13
0.82
0.45
0.45
0.44
0.405
0.405
0.38
0.385
0.375
0.39
0.37
0.38
0.37
0.38
0.38
0.385
0.365
0.4
0.38
0.4
0.38
0.41
0.4
0.43
0.43
0.45
0.45
0.475
0.465
0.47
0.445
0.43
0.4
0.37
0.34
0.34
0.335
0.335
0.3
0.305
0.3
0.305
0.305
0.32
0.32
0.32
0.33
0.36
0.33
0.34
0.34
0.36
0.36
0.35
0.34
0.36
0.345
0.36
0.36
0.37
0.36
0.375
0.36
0.375
0.375
0.38
0.38
0.4
0.38
0.4
0.4
0.41
0.4
0.42
0.415
0.425
0.43
0.455
0.465
0.525
0.54
0.54
0.54
0.51
0.465
0.48
0.47
0.475
0.46
0.46
0.455
0.435
0.51
0.82
1.19
1.01
0.6
0.56
0.53
0.52
0.485
0.505
0.5
0.52
0.51
0.51
0.51
0.525
0.51
0.525
0.525
0.545
0.545
0.56
0.56
0.58
0.58
0.6
0.605
0.64
0.65
0.68
0.67
0.69
0.685
0.68
0.645
0.62
0.6
0.57
0.545
0.55
0.525
0.525
0.52
0.51
0.5
0.52
0.5
0.51
0.5
0.505
0.505
0.51
0.5
0.51
0.5
0.5
0.49
0.495
0.475
0.485
0.47
0.475
0.465
0.475
0.47
0.47
0.455
0.465
0.455
0.45
0.44
0.445
0.445
0.445
0.44
0.43
0.43
0.425
0.425
0.44
0.44
0.5
0.525
0.52
0.495
0.46
0.4
0.4
0.4
0.37
0.36
0.35
0.32
0.29
0.375
0.67
1.06
0.865
0.41
0.37
0.34
0.32
0.285
0.29
0.28
0.29
0.265
0.27
0.265
0.265
0.26
0.265
0.26
0.26
0.275
0.28
0.27
0.285
0.29
0.3
0.3
0.33
0.34
0.36
0.36
0.36
0.35
0.335
0.295
0.27
0.225
0.2
0.17
0.155
0.145
0.14
0.11
0.12
0.11
0.11
0.1
0.1
0.1
0.095
0.1
0.1
0.09
0.085
0.08
0.08
0.06
0.055
0.065
0.05
0.05
0.045
0.04
0.025
0.02
0.03
0.015
0.005
0.0
-0.005
-0.005
-0.015
-0.02
-0.02
-0.025
-0.015
-0.025
-0.025
-0.04
-0.015
0.0
0.06
0.065
0.055
0.03
-0.02
-0.06
-0.06
-0.08
-0.08
-0.1
-0.115
-0.145
-0.15
0.04
0.425
0.57
0.2
-0.115
-0.08
-0.12
-0.14
-0.15
-0.15
-0.165
-0.155
-0.17
-0.165
-0.17
-0.17
-0.165
-0.165
-0.165
-0.16
-0.165
-0.15
-0.145
-0.135
-0.13
-0.11
-0.1
-0.08
-0.065
-0.06
-0.05
-0.05
-0.065
-0.08
-0.12
-0.15
-0.18
-0.2
-0.22
-0.24
-0.24
-0.25
-0.255
-0.24
-0.255
-0.26
-0.255
-0.26
-0.26
-0.24
-0.26
-0.25
-0.255
-0.255
-0.26
-0.27
-0.275
-0.27
-0.275
-0.28
-0.28
-0.28
-0.285
-0.285
-0.295
-0.295
-0.295
-0.295
-0.305
-0.3
-0.31
-0.315
-0.31
-0.31
-0.315
-0.315
-0.315
-0.29
-0.24
-0.22
-0.23
-0.235
-0.28
-0.33
-0.34
-0.35
-0.355
-0.37
-0.38
-0.395
-0.425
-0.29
0.045
0.315
0.02
-0.36
-0.35
-0.37
-0.39
-0.4
-0.4
-0.41
-0.4
-0.4
-0.4
-0.4
-0.4
-0.4
-0.4
-0.39
-0.375
-0.38
-0.375
-0.36
-0.355
-0.345
-0.33
-0.31
-0.295
-0.29
-0.275
-0.27
-0.27
-0.275
-0.29
-0.32
-0.35
-0.375
-0.4
-0.42
-0.435
-0.44
-0.44
-0.445
-0.44
-0.45
-0.44
-0.455
-0.435
-0.43
-0.42
-0.415
-0.42
-0.43
-0.43
-0.43
-0.425
-0.43
-0.44
-0.44
-0.44
-0.44
-0.44
-0.44
-0.44
-0.44
-0.435
-0.44
-0.44
-0.44
-0.44
-0.44
-0.44
-0.44
-0.44
-0.435
-0.425
-0.4
-0.345
-0.34
-0.34
-0.355
-0.39
-0.43
-0.43
-0.435
-0.435
-0.45
-0.44
-0.47
-0.5
-0.36
-0.035
0.245
-0.04
-0.4
-0.38
-0.42
-0.435
-0.45
-0.44
-0.44
-0.44
-0.455
-0.45
-0.44
-0.44
-0.44
-0.44
-0.44
-0.425
-0.43
-0.415
-0.415
-0.4
-0.4
-0.395
-0.385
-0.36
-0.36
-0.35
-0.34
-0.33
-0.335
-0.335
-0.37
-0.395
-0.42
-0.435
-0.44
-0.46
-0.475
-0.47
-0.47
-0.48
-0.48
-0.48
-0.475
-0.475
-0.475
-0.46
-0.46
-0.46
-0.46
-0.45
-0.455
-0.46
-0.46
-0.44
-0.46
-0.45
-0.46
-0.46
-0.45
-0.44
-0.45
-0.44
-0.455
-0.44
-0.45
-0.435
-0.45
-0.44
-0.43
-0.4
-0.36
-0.34
-0.355
-0.36
-0.395
-0.425
-0.435
-0.43
-0.44
-0.45
-0.455
-0.47
-0.505
-0.375
-0.065
0.265
0.02
-0.37
-0.39
-0.41
-0.44
-0.43
-0.44
-0.44
-0.44
-0.44
-0.43
-0.43
-0.44
-0.415
-0.43
-0.42
-0.41
-0.4
-0.4
-0.385
-0.38
-0.37
-0.36
-0.34
-0.315
-0.295
-0.29
-0.26
-0.26
-0.24
-0.27
-0.29
-0.32
-0.34
-0.37
-0.38
-0.39
-0.395
-0.4
-0.395
-0.4
-0.4
-0.4
-0.4
-0.41
-0.39
-0.4
-0.39
-0.395
-0.39
-0.39
-0.38
-0.395
-0.39
-0.39
-0.385
-0.385
-0.385
-0.4
-0.39
-0.4
-0.39
-0.4
-0.39
-0.395
-0.39
-0.39
-0.385
-0.385
-0.38
-0.38
-0.355
-0.32
-0.275
-0.28
-0.275
-0.315
-0.36
-0.38
-0.37
-0.38
-0.385
-0.385
-0.4
-0.44
-0.39
-0.12
0.33
0.22
-0.195
-0.34
-0.335
-0.375
-0.385
-0.39
-0.38
-0.38
-0.375
-0.38
-0.375
-0.37
-0.36
-0.36
-0.34
-0.34
-0.33
-0.33
-0.315
-0.305
-0.28
-0.275
-0.25
-0.23
-0.2
-0.19
-0.16
-0.165
-0.165
-0.18
-0.2
-0.24
-0.26
-0.3
-0.31
-0.325
-0.32
-0.34
-0.33
-0.335
-0.325
-0.35
-0.34
-0.34
-0.32
-0.33
-0.325
-0.325
-0.315
-0.32
-0.315
-0.32
-0.315
-0.31
-0.31
-0.32
-0.31
-0.32
-0.31
-0.32
-0.31
-0.315
-0.31
-0.32
-0.305
-0.325
-0.31
-0.315
-0.305
-0.3
-0.29
-0.255
-0.2
-0.2
-0.2
-0.23
-0.27
-0.305
-0.295
-0.315
-0.315
-0.32
-0.32
-0.36
-0.36
-0.15
0.28
0.345
-0.05
-0.31
-0.275
-0.305
-0.32
-0.325
-0.31
-0.32
-0.31
-0.32
-0.305
-0.305
-0.3
-0.3
-0.29
-0.295
-0.275
-0.27
-0.255
-0.255
-0.215
-0.22
-0.19
-0.175
-0.15
-0.13
-0.11
-0.12
-0.105
-0.12
-0.15
-0.195
-0.215
-0.24
-0.26
-0.28
-0.28
-0.3
-0.295
-0.3
-0.295
-0.305
-0.29
-0.3
-0.28
-0.28
-0.275
-0.28
-0.27
-0.275
-0.27
-0.28
-0.275
-0.28
-0.275
-0.275
-0.275
-0.27
-0.27
-0.28
-0.265
-0.28
-0.275
-0.27
-0.26
-0.275
-0.265
-0.28
-0.275
-0.265
-0.26
-0.24
-0.21
-0.17
-0.155
-0.165
-0.17
-0.23
-0.26
-0.27
-0.26
-0.28
-0.28
-0.29
-0.305
-0.32
-0.12
0.265
0.42
0.04
-0.265
-0.24
-0.24
-0.275
-0.28
-0.28
-0.28
-0.295
-0.27
-0.28
-0.275
-0.26
-0.265
-0.275
-0.26
-0.24
-0.24
-0.24
-0.225
-0.22
-0.21
-0.2
-0.17
-0.145
-0.12
-0.13
-0.12
-0.12
-0.12
-0.155
-0.18
-0.225
-0.235
-0.27
-0.275
-0.295
-0.29
-0.29
-0.28
-0.31
-0.3
-0.305
-0.28
-0.3
-0.275
-0.28
-0.27
-0.28
-0.27
-0.28
-0.28
-0.28
-0.275
-0.29
-0.275
-0.29
-0.29
-0.29
-0.28
-0.3
-0.28
-0.3
-0.29
-0.28
-0.28
-0.3
-0.28
-0.3
-0.285
-0.295
-0.275
-0.225
-0.185
-0.2
-0.195
-0.235
-0.275
-0.3
-0.285
-0.3
-0.3
-0.315
-0.32
-0.37
-0.29
-0.04
0.37
0.2
-0.21
-0.28
-0.265
-0.315
-0.31
-0.315
-0.31
-0.32
-0.305
-0.32
-0.31
-0.31
-0.3
-0.315
-0.295
-0.295
-0.27
-0.275
-0.255
-0.26
-0.25
-0.24
-0.215
-0.215
-0.18
-0.19
-0.165
-0.175
-0.165
-0.18
-0.185
-0.225
-0.24
-0.27
-0.27
-0.28
-0.28
-0.29
-0.28
-0.295
-0.28
-0.29
-0.275
-0.28
-0.265
-0.265
-0.255
-0.265
-0.24
-0.26
-0.24
-0.26
-0.24
-0.255
-0.24
-0.26
-0.24
-0.255
-0.24
-0.255
-0.24
-0.24
-0.23
-0.24
-0.235
-0.23
-0.22
-0.24
-0.22
-0.23
-0.205
-0.16
-0.12
-0.14
-0.13
-0.15
-0.195
-0.21
-0.195
-0.21
-0.21
-0.225
-0.22
-0.255
-0.2
0.025
0.425
0.325
-0.04
-0.155
-0.15
-0.175
-0.185
-0.195
-0.18
-0.185
-0.175
-0.18
-0.17
-0.18
-0.165
-0.165
-0.16
-0.155
-0.14
-0.14
-0.12
-0.12
-0.1
-0.095
-0.075
-0.07
-0.04
-0.03
0.0
0.0
0.01
-0.005
-0.01
-0.05
-0.06
-0.09
-0.08
-0.115
-0.105
-0.12
-0.1
-0.12
-0.11
-0.11
-0.1
-0.11
-0.08
-0.1
-0.08
-0.09
-0.075
-0.095
-0.075
-0.08
-0.08
-0.08
-0.075
-0.075
-0.06
-0.08
-0.06
-0.07
-0.06
-0.07
-0.055
-0.075
-0.06
-0.07
-0.055
-0.07
-0.055
-0.07
-0.05
-0.04
0.0
0.04
0.06
0.04
0.045
-0.01
-0.04
-0.045
-0.04
-0.07
-0.05
-0.07
-0.08
-0.12
0.04
0.4
0.72
0.42
0.015
0.01
-0.015
-0.05
-0.04
-0.06
-0.05
-0.05
-0.03
-0.05
-0.04
-0.04
-0.025
-0.03
-0.02
-0.025
-0.01
-0.005
0.02
0.02
0.04
0.04
0.085
0.09
0.125
0.125
0.145
0.145
0.155
0.12
0.1
0.05
0.04
-0.005
-0.005
-0.03
-0.01
-0.035
-0.04
-0.04
-0.035
-0.04
-0.03
-0.04
-0.03
-0.035
-0.02
-0.02
-0.01
-0.02
0.005
-0.02
-0.015
-0.025
-0.01
-0.02
-0.01
-0.015
-0.01
-0.02
-0.015
-0.02
-0.01
-0.02
-0.02
-0.025
-0.005
-0.03
-0.015
-0.03
-0.005
-0.005
0.01
0.045
0.095
0.08
0.08
0.04
-0.005
-0.03
-0.015
-0.035
-0.03
-0.05
-0.05
-0.1
-0.035
0.24
0.68
0.51
0.09
-0.025
-0.015
-0.05
-0.06
-0.07
-0.055
-0.06
-0.055
-0.065
-0.05
-0.07
-0.05
-0.06
-0.04
-0.05
-0.02
-0.03
-0.01
-0.01
0.01
0.025
0.06
0.065
0.1
0.105
0.12
0.12
0.125
0.1
0.08
0.03
0.0
-0.03
-0.04
-0.07
-0.07
-0.08
-0.08
-0.1
-0.095
-0.095
-0.08
-0.08
-0.07
-0.075
-0.065
-0.08
-0.06
-0.07
-0.06
-0.065
-0.07
-0.08
-0.07
-0.08
-0.075
-0.08
-0.07
-0.09
-0.08
-0.09
-0.075
-0.095
-0.08
-0.08
-0.08
-0.095
-0.08
-0.095
-0.08
-0.095
-0.07
-0.08
-0.035
0.005
0.025
0.0
0.0
-0.055
-0.075
-0.08
-0.08
-0.08
-0.1
-0.11
-0.135
-0.165
0.045
0.405
0.61
0.26
-0.07
-0.065
-0.075
-0.105
-0.1
-0.11
-0.11
-0.115
-0.08
-0.1
-0.08
-0.1
-0.08
-0.08
-0.065
-0.08
-0.04
-0.05
-0.03
-0.02
0.01
0.01
0.045
0.045
0.085
0.085
0.1
0.09
0.09
0.045
0.025
-0.015
-0.035
-0.075
-0.08
-0.095
-0.1
-0.12
-0.12
-0.13
-0.115
-0.12
-0.1
-0.115
-0.11
-0.11
-0.1
-0.105
-0.1
-0.1
-0.095
-0.115
-0.1
-0.12
-0.095
-0.11
-0.11
-0.12
-0.1
-0.12
-0.11
-0.12
-0.115
-0.13
-0.115
-0.13
-0.12
-0.14
-0.12
-0.12
-0.115
-0.13
-0.105
-0.12
-0.08
-0.035
0.01
-0.025
-0.01
-0.06
-0.09
-0.105
-0.08
-0.105
-0.1
-0.12
-0.11
-0.165
-0.04
0.25
0.635
0.38
-0.035
-0.04
-0.04
-0.07
-0.07
-0.08
-0.055
-0.06
-0.04
-0.05
-0.03
-0.04
-0.02
-0.025
-0.005
-0.01
0.02
0.015
0.04
0.04
0.07
0.08
0.1
0.11
0.145
0.155
0.185
0.18
0.19
0.175
0.165
0.13
0.12
0.085
0.08
0.06
0.07
0.06
0.08
0.065
0.09
0.08
0.105
0.1
0.12
0.12
0.14
0.145
0.155
0.15
0.165
0.15
0.18
0.16
0.18
0.18
0.185
0.17
0.2
0.19
0.21
0.2
0.225
0.205
0.24
0.22
0.24
0.225
0.24
0.24
0.265
0.24
0.25
0.26
0.27
0.28
0.35
0.37
0.39
0.37
0.36
0.3
0.32
0.295
0.32
0.295
0.31
0.295
0.28
0.32
0.6
1.02
0.92
0.49
0.41
0.38
0.36
0.325
0.35
0.345
0.36
0.36
0.36
0.35
0.38
0.375
0.4
0.385
0.41
0.4
0.42
0.415
0.44
0.44
0.47
0.455
0.49
0.5
0.525
0.53
0.545
0.545
0.56
0.53
0.52
0.475
0.485
0.445
0.465
0.445
0.46
0.44
0.46
0.44
0.46
0.445
0.46
0.45
0.475
0.45
0.475
0.465
0.49
0.47
0.485
0.47
0.485
0.47
0.475
0.47
0.485
0.465
0.49
0.46
0.475
0.46
0.475
0.45
0.475
0.455
0.475
0.46
0.47
0.46
0.465
0.45
0.46
0.45
0.47
0.455
0.475
0.5
0.56
0.525
0.54
0.5
0.475
0.44
0.445
0.43
0.425
0.405
0.4
0.34
0.4
0.62
1.08
1.04
0.66
0.44
0.45
0.38
0.38
0.37
0.375
0.35
0.37
0.35
0.365
0.35
0.36
0.345
0.365
0.34
0.365
0.36
0.38
0.365
0.4
0.385
0.42
0.415
0.45
0.455
0.47
0.46
0.485
0.445
0.44
0.4
0.375
0.33
0.32
0.285
0.285
0.265
0.28
0.24
0.26
0.225
0.245
0.24
0.245
0.24
0.245
0.225
0.24
0.225
0.24
0.22
0.23
0.21
0.24
0.2
0.22
0.2
0.215
0.19
0.2
0.18
0.19
0.17
0.185
0.155
0.18
0.155
0.175
0.155
0.155
0.13
0.155
0.13
0.145
0.13
0.135
0.125
0.165
0.2
0.24
0.2
0.2
0.14
0.12
0.085
0.1
0.08
0.08
0.06
0.045
-0.005
0.15
0.475
0.8
0.48
0.085
0.08
0.08
0.025
0.03
0.01
0.015
0.01
0.02
-0.005
0.015
0.0
0.015
-0.005
0.02
0.0
0.025
0.02
0.035
0.03
0.06
0.05
0.1
0.095
0.125
0.12
0.14
0.13
0.14
0.1
0.1
0.04
0.02
-0.025
-0.03
-0.065
-0.05
-0.08
-0.07
-0.08
-0.075
-0.095
-0.07
-0.095
-0.075
-0.08
-0.065
-0.08
-0.06
-0.095
-0.08
-0.1
-0.08
-0.11
-0.09
-0.115
-0.1
-0.12
-0.12
-0.135
-0.105
-0.13
-0.11
-0.13
-0.12
-0.14
-0.13
-0.145
-0.12
-0.15
-0.135
-0.165
-0.135
-0.16
-0.14
-0.15
-0.13
-0.14
-0.075
-0.055
-0.04
-0.065
-0.08
-0.15
-0.15
-0.17
-0.16
-0.185
-0.17
-0.2
-0.215
-0.2
0.08
0.46
0.41
-0.04
-0.16
-0.165
-0.17
-0.21
-0.19
-0.21
-0.19
-0.21
-0.19
-0.2
-0.18
-0.2
-0.18
-0.19
-0.175
-0.185
-0.15
-0.17
-0.145
-0.14
-0.115
-0.115
-0.075
-0.08
-0.04
-0.05
-0.035
-0.04
-0.035
-0.08
-0.08
-0.14
-0.16
-0.2
-0.19
-0.235
-0.22
-0.24
-0.225
-0.24
-0.225
-0.24
-0.22
-0.235
-0.21
-0.22
-0.21
-0.23
-0.2
-0.24
-0.22
-0.235
-0.22
-0.24
-0.225
-0.24
-0.225
-0.24
-0.235
-0.26
-0.24
-0.27
-0.24
-0.275
-0.24
-0.27
-0.26
-0.28
-0.26
-0.28
-0.265
-0.28
-0.255
-0.28
-0.265
-0.28
-0.255
-0.24
-0.175
-0.18
-0.175
-0.2
-0.23
-0.28
-0.265
-0.28
-0.28
-0.31
-0.295
-0.32
-0.34
-0.21
0.15
0.4
0.105
-0.29
-0.24
-0.275
-0.28
-0.305
-0.28
-0.31
-0.28
-0.3
-0.28
-0.3
-0.27
-0.28
-0.27
-0.28
-0.26
-0.27
-0.24
-0.255
-0.23
-0.235
-0.21
-0.22
-0.185
-0.2
-0.15
-0.17
-0.15
-0.17
-0.165
-0.215
-0.21
-0.24
-0.26
-0.295
-0.28
-0.31
-0.295
-0.315
-0.3
-0.32
-0.295
-0.31
-0.27
-0.3
-0.265
-0.28
-0.26
-0.28
-0.255
-0.28
-0.26
-0.28
-0.265
-0.29
-0.27
-0.295
-0.27
-0.28
-0.27
-0.295
-0.26
-0.29
-0.26
-0.28
-0.27
-0.29
-0.27
-0.295
-0.27
-0.29
-0.265
-0.285
-0.265
-0.28
-0.23
-0.215
-0.17
-0.19
-0.175
-0.235
-0.24
-0.275
-0.25
-0.27
-0.26
-0.29
-0.28
-0.34
-0.19
0.1
0.44
0.17
-0.18
-0.21
-0.215
-0.255
-0.235
-0.255
-0.235
-0.26
-0.23
-0.24
-0.225
-0.24
-0.215
-0.24
-0.215
-0.22
-0.2
-0.215
-0.19
-0.2
-0.175
-0.185
-0.15
-0.16
-0.12
-0.12
-0.09
-0.11
-0.075
-0.1
-0.1
-0.155
-0.14
-0.175
-0.18
-0.215
-0.19
-0.22
-0.195
-0.215
-0.2
-0.22
-0.2
-0.205
-0.18
-0.2
-0.18
-0.2
-0.175
-0.19
-0.175
-0.2
-0.175
-0.2
-0.18
-0.19
-0.175
-0.2
-0.175
-0.2
-0.18
-0.2
-0.185
-0.21
-0.19
-0.21
-0.19
-0.2
-0.19
-0.215
-0.19
-0.21
-0.195
-0.2
-0.175
-0.175
-0.095
-0.105
-0.08
-0.115
-0.13
-0.19
-0.175
-0.2
-0.185
-0.21
-0.2
-0.225
-0.24
-0.17
0.165
0.56
0.35
-0.11
-0.13
-0.18
-0.185
-0.22
-0.195
-0.2
-0.19
-0.215
-0.19
-0.2
-0.19
-0.21
-0.185
-0.19
-0.165
-0.175
-0.145
-0.16
-0.12
-0.14
-0.1
-0.115
-0.07
-0.06
-0.03
-0.035
-0.005
-0.025
-0.025
-0.07
-0.08
-0.13
-0.13
-0.18
-0.165
-0.19
-0.19
-0.21
-0.19
-0.2
-0.19
-0.215
-0.18
-0.195
-0.175
-0.19
-0.17
-0.18
-0.165
-0.18
-0.175
-0.185
-0.165
-0.19
-0.175
-0.195
-0.17
-0.18
-0.17
-0.19
-0.17
-0.185
-0.17
-0.19
-0.175
-0.19
-0.17
-0.19
-0.17
-0.19
-0.17
-0.185
-0.16
-0.175
-0.15
-0.11
-0.05
-0.08
-0.07
-0.13
-0.16
-0.175
-0.155
-0.19
-0.17
-0.2
-0.195
-0.25
-0.155
0.125
0.565
0.34
-0.075
-0.165
-0.15
-0.19
-0.18
-0.195
-0.18
-0.195
-0.175
-0.18
-0.175
-0.19
-0.17
-0.18
-0.165
-0.165
-0.145
-0.155
-0.12
-0.13
-0.095
-0.1
-0.065
-0.065
-0.03
-0.035
0.015
-0.015
0.0
-0.03
-0.035
-0.08
-0.095
-0.15
-0.145
-0.17
-0.17
-0.19
-0.17
-0.195
-0.17
-0.19
-0.165
-0.175
-0.165
-0.165
-0.14
-0.155
-0.135
-0.15
-0.135
-0.155
-0.14
-0.165
-0.145
-0.165
-0.155
-0.17
-0.15
-0.18
-0.155
-0.165
-0.16
-0.175
-0.15
-0.17
-0.165
-0.165
-0.165
-0.175
-0.155
-0.17
-0.16
-0.165
-0.15
-0.14
-0.06
-0.06
-0.055
-0.075
-0.105
-0.165
-0.15
-0.17
-0.165
-0.18
-0.18
-0.2
-0.23
-0.12
0.225
0.56
0.29
-0.15
-0.12
-0.16
-0.165
-0.195
-0.175
-0.19
-0.17
-0.19
-0.17
-0.19
-0.165
-0.175
-0.16
-0.16
-0.14
-0.14
-0.125
-0.13
-0.105
-0.105
-0.08
-0.065
-0.03
-0.03
-0.005
-0.005
0.015
-0.01
-0.015
-0.055
-0.07
-0.11
-0.125
-0.16
-0.15
-0.18
-0.175
-0.175
-0.18
-0.185
-0.17
-0.18
-0.16
-0.165
-0.15
-0.16
-0.14
-0.16
-0.15
-0.165
-0.155
-0.165
-0.15
-0.17
-0.155
-0.17
-0.165
-0.175
-0.165
-0.17
-0.15
-0.165
-0.165
-0.16
-0.15
-0.165
-0.155
-0.165
-0.165
-0.165
-0.16
-0.18
-0.15
-0.16
-0.12
-0.08
-0.055
-0.07
-0.07
-0.135
-0.15
-0.17
-0.17
-0.185
-0.19
-0.21
-0.19
-0.24
-0.12
0.18
0.53
0.245
-0.155
-0.16
-0.155
-0.19
-0.2
-0.2
-0.19
-0.215
-0.195
-0.2
-0.185
-0.2
-0.18
-0.2
-0.175
-0.18
-0.145
-0.165
-0.14
-0.15
-0.12
-0.12
-0.09
-0.08
-0.055
-0.065
-0.04
-0.05
-0.04
-0.065
-0.08
-0.13
-0.14
-0.185
-0.19
-0.21
-0.2
-0.22
-0.215
-0.235
-0.22
-0.22
-0.2
-0.21
-0.195
-0.21
-0.19
-0.2
-0.19
-0.2
-0.18
-0.2
-0.185
-0.2
-0.195
-0.22
-0.2
-0.21
-0.2
-0.215
-0.2
-0.21
-0.21
-0.22
-0.21
-0.22
-0.215
-0.22
-0.215
-0.22
-0.215
-0.225
-0.22
-0.215
-0.21
-0.21
-0.17
-0.14
-0.1
-0.12
-0.13
-0.175
-0.2
-0.215
-0.2
-0.225
-0.225
-0.235
-0.24
-0.29
-0.14
0.2
0.52
0.24
-0.155
-0.175
-0.195
-0.24
-0.23
-0.24
-0.24
-0.255
-0.24
-0.26
-0.24
-0.26
-0.25
-0.26
-0.24
-0.24
-0.23
-0.24
-0.235
-0.24
-0.215
-0.23
-0.2
-0.2
-0.18
-0.17
-0.16
-0.175
-0.155
-0.175
-0.19
-0.23
-0.24
-0.265
-0.275
-0.29
-0.29
-0.3
-0.305
-0.305
-0.295
-0.31
-0.29
-0.3
-0.28
-0.275
-0.27
-0.28
-0.26
-0.26
-0.26
-0.265
-0.255
-0.28
-0.255
-0.275
-0.265
-0.275
-0.26
-0.27
-0.25
-0.27
-0.255
-0.265
-0.24
-0.26
-0.25
-0.26
-0.255
-0.27
-0.25
-0.255
-0.24
-0.24
-0.24
-0.24
-0.22
-0.21
-0.14
-0.13
-0.13
-0.14
-0.17
-0.215
-0.21
-0.225
-0.215
-0.23
-0.22
-0.24
-0.265
-0.155
0.18
0.55
0.32
-0.095
-0.115
-0.15
-0.16
-0.175
-0.17
-0.175
-0.16
-0.165
-0.14
-0.14
-0.125
-0.12
-0.11
-0.11
-0.08
-0.08
-0.055
-0.04
-0.03
-0.015
0.02
0.03
0.065
0.08
0.11
0.13
0.15
0.145
0.16
0.125
0.11
0.09
0.08
0.065
0.08
0.06
0.08
0.08
0.09
0.09
0.11
0.105
0.135
0.14
0.155
0.18
0.2
0.2
0.22
0.22
0.24
0.24
0.245
0.25
0.28
0.285
0.3
0.3
0.32
0.305
0.325
0.335
0.345
0.35
0.365
0.37
0.4
0.4
0.41
0.41
0.43
0.42
0.45
0.455
0.48
0.49
0.56
0.59
0.615
0.6
0.6
0.55
0.54
0.55
0.56
0.545
0.56
0.55
0.525
0.54
0.795
1.2
1.255
0.86
0.65
0.665
0.645
0.635
0.645
0.635
0.66
0.66
0.68
0.67
0.69
0.695
0.72
0.72
0.73
0.74
0.76
0.76
0.77
0.785
0.82
0.83
0.88
0.88
0.91
0.92
0.94
0.925
0.92
0.9
0.88
0.86
0.825
0.805
0.79
0.77
0.785
0.77
0.77
0.77
0.77
0.775
0.79
0.795
0.795
0.805
0.82
0.81
0.82
0.81
0.82
0.81
0.82
0.815
0.81
0.8
0.81
0.81
0.805
0.8
0.805
0.79
0.81
0.805
0.805
0.79
0.79
0.79
0.805
0.795
0.795
0.79
0.79
0.78
0.8
0.795
0.85
0.885
0.88
0.87
0.85
0.79
0.78
0.77
0.77
0.75
0.745
0.73
0.7
0.7
0.93
1.325
1.36
0.96
0.75
0.76
0.725
0.7
0.695
0.69
0.7
0.68
0.69
0.685
0.685
0.675
0.685
0.67
0.68
0.685
0.69
0.69
0.695
0.705
0.725
0.725
0.75
0.76
0.785
0.775
0.79
0.79
0.77
0.735
0.71
0.665
0.64
0.6
0.585
0.575
0.56
0.56
0.56
0.53
0.525
0.53
0.54
0.525
0.535
0.52
0.52
0.53
0.52
0.51
0.505
0.485
0.49
0.47
0.485
0.47
0.46
0.445
0.45
0.44
0.44
0.42
0.425
0.4
0.41
0.4
0.385
0.38
0.37
0.36
0.36
0.345
0.345
0.345
0.36
0.405
0.44
0.41
0.41
0.36
0.32
0.285
0.29
0.27
0.265
0.24
0.225
0.18
0.25
0.52
0.92
0.71
0.29
0.24
0.24
0.19
0.18
0.17
0.165
0.15
0.145
0.145
0.14
0.135
0.135
0.135
0.14
0.15
0.14
0.135
0.14
0.15
0.15
0.15
0.17
0.17
0.185
0.2
0.2
0.2
0.2
0.17
0.145
0.11
0.08
0.05
0.03
0.01
-0.005
-0.03
-0.03
-0.04
-0.04
-0.04
-0.04
-0.05
-0.04
-0.05
-0.04
-0.05
-0.055
-0.055
-0.055
-0.07
-0.06
-0.08
-0.07
-0.09
-0.09
-0.095
-0.1
-0.11
-0.095
-0.115
-0.11
-0.115
-0.11
-0.12
-0.12
-0.13
-0.13
-0.135
-0.145
-0.15
-0.155
-0.15
-0.14
-0.13
-0.075
-0.055
-0.065
-0.08
-0.1
-0.16
-0.155
-0.165
-0.165
-0.17
-0.18
-0.2
-0.23
-0.135
0.165
0.545
0.34
-0.08
-0.11
-0.145
-0.175
-0.195
-0.195
-0.195
-0.19
-0.19
-0.195
-0.2
-0.19
-0.2
-0.19
-0.19
-0.18
-0.18
-0.175
-0.18
-0.17
-0.175
-0.15
-0.14
-0.12
-0.115
-0.1
-0.1
-0.095
-0.095
-0.105
-0.135
-0.16
-0.2
-0.215
-0.24
-0.26
-0.26
-0.28
-0.29
-0.29
-0.3
-0.3
-0.31
-0.3
-0.315
-0.305
-0.31
-0.305
-0.32
-0.32
-0.32
-0.32
-0.335
-0.34
-0.34
-0.355
-0.335
-0.35
-0.36
-0.36
-0.37
-0.37
-0.36
-0.36
-0.37
-0.385
-0.39
-0.4
-0.39
-0.39
-0.39
-0.39
-0.395
-0.395
-0.4
-0.39
-0.38
-0.34
-0.295
-0.295
-0.31
-0.32
-0.38
-0.39
-0.395
-0.4
-0.4
-0.41
-0.42
-0.44
-0.46
-0.255
0.13
0.315
-0.03
-0.335
-0.32
-0.35
-0.36
-0.36
-0.36
-0.35
-0.355
-0.34
-0.33
-0.32
-0.315
-0.305
-0.3
-0.28
-0.27
-0.24
-0.24
-0.225
-0.21
-0.18
-0.165
-0.12
-0.11
-0.08
-0.06
-0.04
-0.03
-0.03
-0.04
-0.06
-0.08
-0.1
-0.12
-0.12
-0.13
-0.12
-0.12
-0.105
-0.105
-0.08
-0.08
-0.075
-0.04
-0.04
-0.03
-0.02
-0.015
0.01
0.015
0.025
0.025
0.04
0.04
0.06
0.065
0.08
0.085
0.095
0.1
0.12
0.125
0.15
0.155
0.165
0.165
0.19
0.2
0.21
0.21
0.225
0.24
0.24
0.26
0.27
0.3
0.36
0.405
0.405
0.415
0.4
0.345
0.34
0.35
0.36
0.36
0.36
0.35
0.325
0.36
0.6
1.0
1.02
0.625
0.445
0.46
0.44
0.44
0.44
0.43
0.45
0.45
0.46
0.46
0.47
0.475
0.49
0.495
0.505
0.52
0.52
0.525
0.56
0.565
0.58
0.6
0.63
0.65
0.66
0.665
0.68
0.685
0.685
0.65
0.635
0.6
0.57
0.56
0.55
0.53
0.545
0.535
0.535
0.535
0.54
0.54
0.545
0.55
0.56
0.55
0.56
0.56
0.56
0.55
0.56
0.56
0.545
0.56
0.54
0.54
0.525
0.53
0.525
0.52
0.525
0.51
0.51
0.505
0.51
0.5
0.495
0.48
0.495
0.485
0.485
0.475
0.475
0.465
0.465
0.475
0.525
0.56
0.56
0.54
0.51
0.46
0.44
0.43
0.425
0.41
0.42
0.38
0.345
0.37
0.6
1.0
0.96
0.54
0.385
0.4
0.38
0.36
0.35
0.34
0.33
0.33
0.33
0.33
0.33
0.32
0.325
0.32
0.33
0.32
0.34
0.33
0.34
0.34
0.35
0.36
0.37
0.38
0.4
0.4
0.4
0.4
0.4
0.36
0.325
0.29
0.26
0.24
0.225
0.21
0.19
0.185
0.19
0.18
0.18
0.175
0.17
0.155
0.18
0.16
0.17
0.18
0.165
0.155
0.155
0.15
0.145
0.14
0.135
0.12
0.12
0.105
0.105
0.1
0.09
0.09
0.065
0.085
0.08
0.07
0.06
0.06
0.06
0.05
0.04
0.04
0.03
0.04
0.04
0.08
0.12
0.105
0.1
0.09
0.04
0.0
0.0
-0.015
-0.02
-0.04
-0.04
-0.075
-0.08
0.06
0.44
0.66
0.35
-0.005
-0.01
-0.055
-0.08
-0.08
-0.095
-0.09
-0.09
-0.095
-0.1
-0.105
-0.1
-0.105
-0.08
-0.1
-0.095
-0.1
-0.08
-0.095
-0.08
-0.08
-0.06
-0.055
-0.04
-0.02
-0.015
-0.015
0.01
-0.01
-0.005
-0.03
-0.055
-0.07
-0.08
-0.11
-0.105
-0.115
-0.11
-0.12
-0.12
-0.13
-0.12
-0.13
-0.12
-0.12
-0.12
-0.12
-0.12
-0.12
-0.115
-0.12
-0.12
-0.12
-0.11
-0.13
-0.13
-0.13
-0.13
-0.135
-0.13
-0.14
-0.14
-0.15
-0.145
-0.15
-0.14
-0.155
-0.155
-0.15
-0.14
-0.165
-0.15
-0.165
-0.165
-0.165
-0.165
-0.165
-0.14
-0.1
-0.065
-0.08
-0.08
-0.135
-0.185
-0.195
-0.17
-0.2
-0.195
-0.2
-0.22
-0.265
-0.16
0.14
0.545
0.305
-0.105
-0.15
-0.175
-0.2
-0.23
-0.23
-0.23
-0.23
-0.22
-0.235
-0.22
-0.235
-0.225
-0.22
-0.215
-0.22
-0.21
-0.215
-0.19
-0.195
-0.175
-0.17
-0.15
-0.135
-0.12
-0.105
-0.095
-0.1
-0.08
-0.1
-0.115
-0.14
-0.17
-0.21
-0.22
-0.235
-0.235
-0.24
-0.26
-0.26
-0.255
-0.26
-0.255
-0.26
-0.24
-0.26
-0.24
-0.26
-0.24
-0.24
-0.24
-0.26
-0.25
-0.265
-0.255
-0.275
-0.24
-0.27
-0.255
-0.27
-0.27
-0.28
-0.275
-0.285
-0.275
-0.295
-0.28
-0.295
-0.28
-0.3
-0.3
-0.3
-0.295
-0.3
-0.29
-0.29
-0.26
-0.21
-0.175
-0.2
-0.195
-0.24
-0.295
-0.3
-0.28
-0.315
-0.3
-0.33
-0.34
-0.38
-0.24
0.08
0.44
0.13
-0.275
-0.28
-0.29
-0.335
-0.32
-0.35
-0.32
-0.34
-0.32
-0.35
-0.34
-0.35
-0.34
-0.35
-0.35
-0.35
-0.335
-0.34
-0.315
-0.315
-0.295
-0.295
-0.27
-0.275
-0.23
-0.24
-0.23
-0.24
-0.24
-0.27
-0.28
-0.34
-0.36
-0.39
-0.415
-0.435
-0.435
-0.465
-0.455
-0.475
-0.46
-0.46
-0.455
-0.47
-0.455
-0.465
-0.44
-0.455
-0.44
-0.455
-0.44
-0.46
-0.44
-0.465
-0.46
-0.475
-0.46
-0.485
-0.46
-0.47
-0.455
-0.475
-0.455
-0.48
-0.46
-0.48
-0.46
-0.485
-0.46
-0.485
-0.47
-0.47
-0.45
-0.46
-0.4
-0.375
-0.35
-0.36
-0.37
-0.43
-0.45
-0.46
-0.44
-0.47
-0.47
-0.48
-0.495
-0.515
-0.35
-0.005
0.245
-0.09
-0.435
-0.4
-0.4
-0.44
-0.44
-0.44
-0.435
-0.44
-0.42
-0.435
-0.4
-0.415
-0.395
-0.4
-0.38
-0.375
-0.335
-0.35
-0.33
-0.33
-0.3
-0.295
-0.25
-0.24
-0.22
-0.21
-0.18
-0.19
-0.165
-0.2
-0.2
-0.24
-0.24
-0.28
-0.27
-0.295
-0.28
-0.3
-0.295
-0.28
-0.26
-0.265
-0.24
-0.24
-0.225
-0.225
-0.2
-0.21
-0.19
-0.195
-0.18
-0.185
-0.165
-0.185
-0.155
-0.175
-0.14
-0.15
-0.13
-0.14
-0.12
-0.12
-0.11
-0.11
-0.08
-0.1
-0.08
-0.095
-0.065
-0.08
-0.06
-0.07
-0.03
-0.03
0.04
0.065
0.085
0.08
0.08
0.005
0.02
0.0
0.015
-0.01
0.015
-0.005
-0.025
-0.005
0.26
0.68
0.65
0.245
0.12
0.1
0.08
0.065
0.08
0.06
0.085
0.08
0.1
0.085
0.1
0.095
0.12
0.12
0.13
0.13
0.15
0.135
0.15
0.16
0.185
0.18
0.205
0.21
0.245
0.24
0.26
0.265
0.27
0.245
0.24
0.205
0.2
0.175
0.18
0.17
0.17
0.155
0.19
0.16
0.18
0.17
0.185
0.18
0.2
0.2
0.21
0.21
0.23
0.215
0.22
0.205
0.225
0.22
0.24
0.21
0.23
0.215
0.24
0.21
0.225
0.215
0.22
0.215
0.24
0.205
0.22
0.215
0.23
0.2
0.22
0.21
0.225
0.24
0.29
0.32
0.32
0.29
0.285
0.24
0.225
0.22
0.22
0.2
0.2
0.18
0.16
0.19
0.425
0.8
0.765
0.385
0.265
0.24
0.21
0.175
0.185
0.17
0.175
0.165
0.17
0.15
0.165
0.14
0.155
0.15
0.16
0.15
0.17
0.155
0.17
0.165
0.18
0.17
0.2
0.2
0.22
0.215
0.23
0.24
0.24
0.215
0.2
0.165
0.15
0.12
0.12
0.095
0.095
0.08
0.09
0.08
0.08
0.065
0.08
0.08
0.085
0.08
0.08
0.065
0.085
0.07
0.08
0.065
0.08
0.06
0.065
0.05
0.05
0.05
0.06
0.04
0.055
0.04
0.045
0.03
0.05
0.04
0.04
0.02
0.04
0.025
0.03
0.03
0.05
0.07
0.14
0.12
0.125
0.105
0.065
0.02
0.03
0.02
0.025
-0.005
-0.01
-0.05
-0.04
0.155
0.57
0.695
0.33
0.04
0.05
0.02
0.005
-0.015
-0.01
-0.015
-0.005
-0.01
-0.01
-0.005
0.005
0.0
0.005
0.0
0.01
0.015
0.03
0.04
0.045
0.055
0.08
0.085
0.11
0.12
0.145
0.145
0.155
0.145
0.13
0.09
0.08
0.04
0.025
0.0
-0.005
-0.025
-0.02
-0.025
-0.025
-0.035
-0.02
-0.025
-0.02
-0.02
-0.01
-0.01
-0.005
-0.015
-0.01
-0.01
-0.01
-0.01
0.0
-0.01
0.005
-0.01
-0.01
-0.01
-0.015
-0.015
-0.015
-0.02
-0.02
-0.02
-0.02
-0.03
-0.02
-0.02
-0.02
-0.015
0.005
0.045
0.09
0.08
0.08
0.06
0.005
-0.02
-0.015
-0.03
-0.035
-0.04
-0.055
-0.1
-0.04
0.21
0.64
0.52
0.09
-0.02
-0.015
-0.035
-0.04
-0.04
-0.04
-0.04
-0.04
-0.05
-0.04
-0.035
-0.035
-0.035
-0.02
-0.02
-0.01
-0.005
0.005
0.01
0.03
0.04
0.07
0.085
0.1
0.125
0.12
0.125
0.135
0.11
0.09
0.055
0.015
-0.015
-0.03
-0.04
-0.055
-0.07
-0.07
-0.065
-0.07
-0.075
-0.06
-0.055
-0.05
-0.05
-0.04
-0.05
-0.055
-0.06
-0.05
-0.055
-0.06
-0.065
-0.065
-0.07
-0.07
-0.07
-0.08
-0.08
-0.08
-0.08
-0.08
-0.08
-0.09
-0.08
-0.08
-0.1
-0.08
-0.09
-0.08
-0.075
-0.02
0.01
0.005
-0.01
-0.03
-0.08
-0.11
-0.1
-0.105
-0.12
-0.13
-0.14
-0.18
-0.12
0.15
0.57
0.415
-0.01
-0.105
-0.105
-0.12
-0.145
-0.15
-0.145
-0.16
-0.15
-0.15
-0.16
-0.135
-0.14
-0.15
-0.14
-0.12
-0.13
-0.12
-0.115
-0.105
-0.09
-0.075
-0.055
-0.045
-0.025
-0.02
-0.005
-0.005
-0.01
-0.025
-0.06
-0.1
-0.135
-0.155
-0.18
-0.2
-0.22
-0.23
-0.235
-0.24
-0.24
-0.24
-0.235
-0.235
-0.24
-0.23
-0.235
-0.24
-0.24
-0.24
-0.24
-0.26
-0.265
-0.26
-0.27
-0.275
-0.28
-0.28
-0.28
-0.29
-0.29
-0.3
-0.3
-0.3
-0.3
-0.31
-0.31
-0.305
-0.305
-0.31
-0.29
-0.25
-0.215
-0.23
-0.23
-0.24
-0.31
-0.32
-0.325
-0.335
-0.35
-0.345
-0.36
-0.4
-0.32
-0.06
0.34
0.14
-0.28
-0.315
-0.32
-0.35
-0.36
-0.36
-0.37
-0.36
-0.36
-0.36
-0.36
-0.37
-0.36
-0.36
-0.35
-0.35
-0.345
-0.335
-0.32
-0.32
-0.315
-0.3
-0.295
-0.28
-0.26
-0.25
-0.24
-0.24
-0.24
-0.26
-0.275
-0.305
-0.335
-0.36
-0.36
-0.39
-0.4
-0.4
-0.4
-0.4
-0.395
-0.4
-0.4
-0.39
-0.385
-0.38
-0.365
-0.37
-0.37
-0.37
-0.38
-0.37
-0.37
-0.39
-0.38
-0.38
-0.38
-0.39
-0.38
-0.39
-0.38
-0.39
-0.38
-0.385
-0.385
-0.38
-0.38
-0.39
-0.39
-0.39
-0.375
-0.37
-0.315
-0.29
-0.295
-0.305
-0.32
-0.37
-0.38
-0.39
-0.4
-0.4
-0.4
-0.43
-0.46
-0.4
-0.12
0.27
0.13
-0.28
-0.345
-0.38
-0.4
-0.42
-0.41
-0.43
-0.42
-0.43
-0.425
-0.435
-0.43
-0.42
-0.425
-0.435
-0.415
-0.42
-0.42
-0.42
-0.42
-0.42
-0.41
-0.415
-0.39
-0.385
-0.37
-0.375
-0.35
-0.355
-0.355
-0.375
-0.39
-0.4
-0.425
-0.45
-0.45
-0.45
-0.455
-0.45
-0.455
-0.465
-0.45
-0.45
-0.45
-0.44
-0.43
-0.43
-0.415
-0.42
-0.4
-0.4
-0.415
-0.415
-0.4
-0.4
-0.4
-0.4
-0.39
-0.395
-0.38
-0.395
-0.38
-0.385
-0.37
-0.375
-0.365
-0.375
-0.36
-0.345
-0.3
-0.27
-0.255
-0.265
-0.27
-0.33
-0.32
-0.34
-0.345
-0.35
-0.34
-0.355
-0.375
-0.36
-0.13
0.225
0.25
-0.11
-0.27
-0.27
-0.3
-0.325
-0.31
-0.315
-0.305
-0.3
-0.3
-0.31
-0.29
-0.3
-0.28
-0.29
-0.27
-0.275
-0.27
-0.27
-0.24
-0.24
-0.23
-0.215
-0.185
-0.185
-0.16
-0.155
-0.12
-0.12
-0.12
-0.135
-0.15
-0.195
-0.195
-0.22
-0.22
-0.23
-0.22
-0.235
-0.22
-0.225
-0.22
-0.22
-0.2
-0.2
-0.19
-0.2
-0.18
-0.18
-0.165
-0.165
-0.165
-0.175
-0.155
-0.155
-0.155
-0.155
-0.14
-0.155
-0.135
-0.155
-0.14
-0.145
-0.135
-0.14
-0.13
-0.135
-0.12
-0.12
-0.1
-0.07
-0.015
-0.01
-0.015
-0.02
-0.06
-0.105
-0.09
-0.11
-0.105
-0.115
-0.105
-0.155
-0.14
0.06
0.48
0.61
0.245
-0.055
-0.015
-0.065
-0.055
-0.07
-0.07
-0.07
-0.055
-0.07
-0.04
-0.06
-0.04
-0.05
-0.035
-0.035
-0.01
-0.02
0.0
0.01
0.025
0.025
0.055
0.065
0.11
0.115
0.14
0.13
0.15
0.135
0.125
0.09
0.065
0.04
0.025
0.01
0.005
-0.005
-0.005
-0.01
-0.01
-0.015
0.0
0.005
0.005
0.005
0.02
0.01
0.02
0.01
0.01
0.01
0.025
0.01
0.02
0.01
0.01
0.0
0.01
0.005
0.015
0.01
0.005
-0.005
0.01
0.0
0.015
0.0
0.025
0.015
0.06
0.125
0.12
0.1
0.095
0.04
0.01
0.005
0.005
-0.01
-0.01
-0.03
-0.045
-0.06
0.17
0.57
0.635
0.22
-0.005
0.02
0.0
-0.02
-0.015
-0.025
0.0
-0.015
-0.015
-0.02
-0.005
-0.01
-0.005
0.0
0.02
0.005
0.04
0.025
0.045
0.05
0.08
0.08
0.11
0.125
0.15
0.14
0.155
0.145
0.145
0.11
0.095
0.045
0.025
-0.015
-0.02
-0.035
-0.035
-0.05
-0.03
-0.04
-0.02
-0.04
-0.03
-0.035
-0.015
-0.03
-0.02
-0.03
-0.02
-0.03
-0.02
-0.04
-0.03
-0.04
-0.035
-0.04
-0.04
-0.055
-0.04
-0.055
-0.055
-0.05
-0.05
-0.06
-0.06
-0.07
-0.05
-0.07
-0.05
-0.06
0.0
0.04
0.045
0.03
0.025
-0.04
-0.06
-0.07
-0.07
-0.08
-0.08
-0.11
-0.13
-0.13
0.12
0.51
0.535
0.12
-0.09
-0.075
-0.08
-0.11
-0.1
-0.115
-0.1
-0.11
-0.105
-0.11
-0.1
-0.11
-0.095
-0.09
-0.08
-0.08
-0.08
-0.08
-0.05
-0.055
-0.035
-0.02
0.005
-0.005
0.03
0.02
0.03
0.025
-0.005
-0.04
-0.06
-0.105
-0.115
-0.15
-0.15
-0.175
-0.185
-0.195
-0.19
-0.2
-0.19
-0.19
-0.175
-0.18
-0.165
-0.18
-0.165
-0.175
-0.18
-0.18
-0.17
-0.18
-0.185
-0.195
-0.19
-0.2
-0.19
-0.215
-0.2
-0.215
-0.2
-0.22
-0.2
-0.22
-0.21
-0.23
-0.215
-0.22
-0.21
-0.2
-0.15
-0.12
-0.12
-0.135
-0.155
-0.21
-0.2
-0.225
-0.225
-0.24
-0.235
-0.24
-0.29
-0.24
0.04
0.45
0.275
-0.165
-0.2
-0.21
-0.22
-0.24
-0.24
-0.24
-0.235
-0.24
-0.235
-0.235
-0.225
-0.24
-0.21
-0.225
-0.205
-0.2
-0.195
-0.2
-0.18
-0.195
-0.165
-0.165
-0.15
-0.14
-0.12
-0.125
-0.11
-0.14
-0.14
-0.17
-0.18
-0.23
-0.24
-0.275
-0.275
-0.3
-0.295
-0.315
-0.315
-0.32
-0.305
-0.33
-0.305
-0.325
-0.315
-0.335
-0.305
-0.315
-0.315
-0.33
-0.32
-0.34
-0.34
-0.35
-0.345
-0.355
-0.355
-0.355
-0.355
-0.36
-0.36
-0.37
-0.355
-0.375
-0.36
-0.37
-0.36
-0.38
-0.36
-0.36
-0.315
-0.29
-0.265
-0.28
-0.275
-0.335
-0.35
-0.355
-0.35
-0.36
-0.355
-0.36
-0.385
-0.415
-0.215
0.14
0.32
-0.01
-0.28
-0.28
-0.29
-0.32
-0.3
-0.31
-0.3
-0.3
-0.27
-0.28
-0.255
-0.255
-0.23
-0.235
-0.21
-0.21
-0.18
-0.18
-0.145
-0.14
-0.115
-0.11
-0.07
-0.06
-0.02
-0.01
0.025
0.025
0.045
0.045
0.045
0.03
0.03
0.02
0.04
0.02
0.04
0.04
0.06
0.08
0.105
0.1
0.14
0.14
0.17
0.185
0.205
0.205
0.245
0.25
0.28
0.28
0.32
0.31
0.34
0.335
0.37
0.375
0.4
0.405
0.44
0.43
0.45
0.46
0.5
0.495
0.52
0.525
0.565
0.58
0.62
0.66
0.725
0.725
0.75
0.72
0.69
0.68
0.72
0.7
0.725
0.72
0.73
0.685
0.76
1.04
1.5
1.37
0.97
0.85
0.86
0.82
0.83
0.82
0.85
0.85
0.86
0.86
0.88
0.87
0.89
0.885
0.9
0.905
0.93
0.92
0.96
0.945
0.96
0.98
1.01
1.02
1.05
1.06
1.09
1.08
1.09
1.065
1.06
1.01
1.0
0.96
0.965
0.945
0.945
0.92
0.94
0.92
0.92
0.91
0.93
0.91
0.92
0.92
0.93
0.92
0.935
0.92
0.94
0.92
0.93
0.915
0.925
0.9
0.9
0.92
0.9
0.88
0.89
0.865
0.89
0.865
0.88
0.86
0.86
0.845
0.86
0.84
0.85
0.845
0.88
0.92
0.945
0.92
0.92
0.85
0.815
0.805
0.81
0.78
0.78
0.76
0.745
0.695
0.82
1.14
1.51
1.21
0.78
0.765
0.76
0.725
0.72
0.705
0.72
0.71
0.7
0.69
0.7
0.685
0.7
0.68
0.7
0.68
0.705
0.7
0.72
0.72
0.73
0.73
0.76
0.765
0.795
0.79
0.805
0.785
0.79
0.76
0.745
0.685
0.66
0.62
0.62
0.58
0.585
0.56
0.56
0.55
0.56
0.545
0.565
0.545
0.55
0.56
0.545
0.53
0.54
0.52
0.535
0.51
0.52
0.5
0.51
0.475
0.49
0.47
0.475
0.47
0.475
0.46
0.465
0.45
0.45
0.44
0.44
0.415
0.43
0.405
0.41
0.405
0.41
0.4
0.425
0.43
0.495
0.495
0.485
0.46
0.42
0.375
0.38
0.36
0.35
0.325
0.325
0.28
0.265
0.42
0.785
1.01
0.685
0.285
0.33
0.295
0.28
0.26
0.28
0.26
0.265
0.245
0.25
0.245
0.26
0.25
0.27
0.25
0.27
0.27
0.285
0.27
0.3
0.295
0.32
0.32
0.35
0.345
0.37
0.36
0.38
0.345
0.33
0.29
0.28
0.215
0.215
0.17
0.18
0.145
0.15
0.125
0.14
0.125
0.14
0.135
0.145
0.13
0.14
0.13
0.14
0.12
0.13
0.105
0.12
0.09
0.11
0.085
0.1
0.08
0.09
0.07
0.08
0.065
0.08
0.05
0.05
0.03
0.05
0.02
0.03
0.025
0.02
-0.005
0.02
-0.005
0.005
0.005
0.065
0.08
0.09
0.065
0.04
-0.03
-0.035
-0.04
-0.04
-0.075
-0.075
-0.1
-0.13
-0.08
0.21
0.585
0.41
-0.04
-0.095
-0.1
-0.11
-0.14
-0.135
-0.155
-0.12
-0.155
-0.145
-0.165
-0.14
-0.165
-0.15
-0.165
-0.14
-0.15
-0.12
-0.145
-0.12
-0.135
-0.11
-0.115
-0.065
-0.08
-0.06
-0.075
-0.055
-0.08
-0.075
-0.115
-0.14
-0.18
-0.19
-0.22
-0.22
-0.26
-0.255
-0.27
-0.26
-0.275
-0.26
-0.27
-0.24
-0.27
-0.24
-0.26
-0.24
-0.265
-0.24
-0.27
-0.255
-0.28
-0.26
-0.29
-0.28
-0.3
-0.275
-0.3
-0.29
-0.32
-0.3
-0.325
-0.31
-0.32
-0.31
-0.32
-0.32
-0.34
-0.325
-0.345
-0.335
-0.355
-0.335
-0.35
-0.315
-0.3
-0.24
-0.26
-0.255
-0.275
-0.31
-0.36
-0.34
-0.365
-0.36
-0.39
-0.375
-0.43
-0.4
-0.215
0.19
0.245
-0.1
-0.35
-0.32
-0.38
-0.38
-0.41
-0.39
-0.415
-0.4
-0.4
-0.395
-0.41
-0.395
-0.41
-0.39
-0.4
-0.385
-0.395
-0.38
-0.4
-0.365
-0.375
-0.36
-0.37
-0.335
-0.34
-0.31
-0.32
-0.28
-0.32
-0.315
-0.355
-0.35
-0.4
-0.395
-0.435
-0.425
-0.45
-0.43
-0.44
-0.435
-0.455
-0.435
-0.45
-0.43
-0.45
-0.42
-0.435
-0.4
-0.43
-0.415
-0.435
-0.4
-0.435
-0.395
-0.42
-0.4
-0.425
-0.4
-0.42
-0.4
-0.41
-0.39
-0.4
-0.38
-0.4
-0.38
-0.4
-0.38
-0.4
-0.385
-0.4
-0.37
-0.39
-0.375
-0.395
-0.36
-0.36
-0.275
-0.28
-0.27
-0.3
-0.32
-0.375
-0.355
-0.39
-0.385
-0.4
-0.39
-0.425
-0.435
-0.35
-0.01
0.345
0.15
-0.29
-0.3
-0.37
-0.375
-0.4
-0.38
-0.415
-0.39
-0.4
-0.385
-0.41
-0.38
-0.395
-0.375
-0.395
-0.36
-0.38
-0.355
-0.36
-0.34
-0.355
-0.31
-0.325
-0.28
-0.28
-0.25
-0.255
-0.23
-0.25
-0.24
-0.28
-0.295
-0.335
-0.34
-0.38
-0.36
-0.395
-0.39
-0.4
-0.39
-0.41
-0.4
-0.415
-0.395
-0.4
-0.395
-0.41
-0.38
-0.4
-0.39
-0.395
-0.38
-0.4
-0.385
-0.4
-0.38
-0.4
-0.385
-0.4
-0.38
-0.4
-0.38
-0.4
-0.38
-0.4
-0.38
-0.4
-0.385
-0.4
-0.4
-0.4
-0.39
-0.415
-0.39
-0.415
-0.395
-0.4
-0.375
-0.345
-0.28
-0.315
-0.28
-0.32
-0.36
-0.39
-0.38
-0.4
-0.4
-0.415
-0.42
-0.475
-0.43
-0.21
0.23
0.21
-0.18
-0.4
-0.36
-0.4
-0.4
-0.42
-0.4
-0.425
-0.41
-0.42
-0.4
-0.425
-0.4
-0.41
-0.38
-0.4
-0.38
-0.385
-0.36
-0.36
-0.32
-0.335
-0.29
-0.3
-0.27
-0.27
-0.24
-0.255
-0.23
-0.26
-0.255
-0.315
-0.33
-0.375
-0.37
-0.41
-0.4
-0.44
-0.425
-0.455
-0.43
-0.455
-0.43
-0.455
-0.435
-0.455
-0.435
-0.46
-0.44
-0.47
-0.455
-0.475
-0.47
-0.495
-0.48
-0.5
-0.5
-0.52
-0.5
-0.52
-0.515
-0.54
-0.53
-0.55
-0.53
-0.55
-0.54
-0.56
-0.54
-0.56
-0.55
-0.56
-0.55
-0.58
-0.56
-0.58
-0.56
-0.58
-0.55
-0.55
-0.47
-0.47
-0.455
-0.48
-0.49
-0.56
-0.535
-0.56
-0.555
-0.575
-0.575
-0.595
-0.6
-0.55
-0.24
0.15
-0.02
-0.465
-0.495
-0.51
-0.52
-0.54
-0.515
-0.52
-0.5
-0.52
-0.495
-0.5
-0.485
-0.485
-0.455
-0.46
-0.43
-0.44
-0.4
-0.4
-0.36
-0.36
-0.32
-0.32
-0.27
-0.27
-0.23
-0.235
-0.2
-0.22
-0.195
-0.23
-0.22
-0.26
-0.27
-0.3
-0.285
-0.31
-0.29
-0.295
-0.275
-0.28
-0.24
-0.25
-0.215
-0.22
-0.175
-0.185
-0.155
-0.16
-0.12
-0.135
-0.11
-0.12
-0.09
-0.095
-0.06
-0.07
-0.04
-0.05
-0.015
-0.025
0.01
-0.005
0.04
0.03
0.065
0.055
0.085
0.085
0.12
0.11
0.145
0.13
0.16
0.155
0.19
0.19
0.21
0.21
0.255
0.255
0.33
0.38
0.41
0.385
0.41
0.345
0.345
0.36
0.38
0.375
0.38
0.365
0.37
0.36
0.6
0.965
1.105
0.72
0.475
0.505
0.52
0.485
0.5
0.5
0.53
0.535
0.565
0.565
0.585
0.585
0.62
0.615
0.65
0.66
0.68
0.68
0.725
0.73
0.77
0.765
0.805
0.825
0.865
0.85
0.88
0.86
0.88
0.855
0.855
0.805
0.8
0.77
0.77
0.74
0.76
0.73
0.76
0.74
0.77
0.76
0.79
0.77
0.79
0.78
0.795
0.79
0.805
0.79
0.81
0.79
0.81
0.79
0.805
0.785
0.815
0.79
0.795
0.785
0.805
0.79
0.805
0.78
0.795
0.785
0.785
0.77
0.78
0.765
0.79
0.76
0.77
0.76
0.77
0.75
0.77
0.76
0.78
0.785
0.845
0.84
0.86
0.82
0.79
0.73
0.745
0.72
0.73
0.695
0.705
0.66
0.645
0.75
1.085
1.36
1.08
0.665
0.72
0.685
0.68
0.635
0.65
0.625
0.645
0.61
0.635
0.62
0.63
0.61
0.625
0.61
0.63
0.61
0.64
0.62
0.64
0.625
0.655
0.645
0.68
0.66
0.695
0.68
0.685
0.67
0.66
0.62
0.61
0.57
0.55
0.51
0.505
0.47
0.475
0.45
0.46
0.44
0.45
0.43
0.45
0.425
0.445
0.415
0.44
0.405
0.43
0.4
0.4
0.37
0.39
0.35
0.38
0.345
0.34
0.33
0.34
0.31
0.325
0.295
0.31
0.29
0.29
0.28
0.285
0.26
0.27
0.255
0.27
0.245
0.26
0.225
0.26
0.24
0.24
0.21
0.245
0.26
0.325
0.31
0.31
0.29
0.26
0.21
0.225
0.205
0.21
0.185
0.2
0.155
0.145
0.3
0.685
0.87
0.56
0.205
0.26
0.2
0.2
0.18
0.195
0.175
0.19
0.18
0.2
0.18
0.2
0.19
0.205
0.19
0.225
0.205
0.24
0.22
0.24
0.215
0.245
0.24
0.25
0.255
0.265
0.265
0.295
0.27
0.29
0.26
0.25
0.22
0.215
0.18
0.205
0.16
0.18
0.15
0.18
0.155
0.18
0.165
0.19
0.17
0.185
0.18
0.21
0.19
0.21
0.185
0.205
0.19
0.22
0.2
0.22
0.21
0.23
0.205
0.23
0.215
0.24
0.21
0.245
0.215
0.24
0.22
0.24
0.225
0.24
0.22
0.24
0.22
0.24
0.21
0.22
0.22
0.245
0.25
0.31
0.3
0.3
0.285
0.26
0.2
0.22
0.2
0.2
0.175
0.18
0.13
0.12
0.24
0.585
0.86
0.6
0.2
0.21
0.155
0.155
0.12
0.14
0.12
0.13
0.11
0.12
0.1
0.12
0.1
0.12
0.09
0.12
0.1
0.12
0.105
0.12
0.095
0.125
0.11
0.14
0.13
0.16
0.155
0.18
0.14
0.155
0.12
0.095
0.05
0.04
-0.005
0.0
-0.03
-0.03
-0.055
-0.05
-0.07
-0.06
-0.075
-0.065
-0.08
-0.07
-0.08
-0.075
-0.095
-0.095
-0.11
-0.105
-0.115
-0.1
-0.13
-0.12
-0.14
-0.135
-0.15
-0.13
-0.145
-0.15
-0.165
-0.16
-0.165
-0.165
-0.185
-0.17
-0.195
-0.19
-0.2
-0.19
-0.215
-0.195
-0.215
-0.195
-0.22
-0.2
-0.215
-0.15
-0.12
-0.13
-0.145
-0.16
-0.23
-0.24
-0.24
-0.255
-0.275
-0.28
-0.295
-0.32
-0.315
-0.06
0.35
0.325
-0.105
-0.27
-0.275
-0.295
-0.33
-0.32
-0.335
-0.32
-0.34
-0.325
-0.345
-0.335
-0.34
-0.33
-0.34
-0.32
-0.335
-0.32
-0.32
-0.3
-0.31
-0.28
-0.28
-0.255
-0.25
-0.235
-0.24
-0.22
-0.235
-0.22
-0.26
-0.27
-0.315
-0.335
-0.36
-0.38
-0.4
-0.39
-0.42
-0.4
-0.42
-0.42
-0.42
-0.415
-0.42
-0.4
-0.425
-0.41
-0.43
-0.415
-0.42
-0.415
-0.45
-0.435
-0.43
-0.435
-0.455
-0.455
-0.455
-0.44
-0.455
-0.44
-0.455
-0.45
-0.46
-0.455
-0.465
-0.45
-0.465
-0.465
-0.46
-0.455
-0.47
-0.455
-0.47
-0.46
-0.455
-0.44
-0.4
-0.35
-0.37
-0.36
-0.395
-0.44
-0.465
-0.455
-0.49
-0.48
-0.49
-0.495
-0.54
-0.49
-0.24
0.18
0.095
-0.32
-0.475
-0.45
-0.485
-0.49
-0.49
-0.485
-0.495
-0.485
-0.5
-0.49
-0.5
-0.49
-0.485
-0.47
-0.475
-0.46
-0.465
-0.44
-0.44
-0.42
-0.4
-0.39
-0.38
-0.36
-0.345
-0.32
-0.32
-0.315
-0.32
-0.35
-0.38
-0.4
-0.44
-0.455
-0.485
-0.475
-0.495
-0.495
-0.51
-0.495
-0.51
-0.495
-0.505
-0.495
-0.49
-0.485
-0.485
-0.475
-0.485
-0.48
-0.49
-0.475
-0.49
-0.475
-0.49
-0.48
-0.49
-0.47
-0.49
-0.495
-0.5
-0.49
-0.495
-0.495
-0.5
-0.49
-0.5
-0.49
-0.5
-0.495
-0.5
-0.495
-0.505
-0.485
-0.485
-0.43
-0.4
-0.385
-0.4
-0.43
-0.49
-0.495
-0.5
-0.51
-0.52
-0.52
-0.53
-0.56
-0.51
-0.22
0.185
0.02
-0.42
-0.48
-0.485
-0.5
-0.52
-0.51
-0.53
-0.52
-0.52
-0.52
-0.52
-0.5
-0.5
-0.49
-0.495
-0.485
-0.485
-0.455
-0.46
-0.44
-0.43
-0.415
-0.4
-0.38
-0.37
-0.355
-0.35
-0.34
-0.345
-0.36
-0.395
-0.415
-0.455
-0.475
-0.51
-0.51
-0.55
-0.54
-0.56
-0.555
-0.56
-0.555
-0.56
-0.56
-0.575
-0.54
-0.56
-0.56
-0.57
-0.56
-0.58
-0.58
-0.585
-0.595
-0.595
-0.6
-0.6
-0.6
-0.615
-0.61
-0.625
-0.62
-0.615
-0.615
-0.625
-0.615
-0.63
-0.63
-0.635
-0.625
-0.635
-0.625
-0.63
-0.6
-0.58
-0.52
-0.53
-0.54
-0.54
-0.595
-0.62
-0.6
-0.62
-0.62
-0.63
-0.64
-0.67
-0.65
-0.42
-0.015
-0.005
-0.385
-0.585
-0.55
-0.595
-0.6
-0.61
-0.595
-0.59
-0.58
-0.585
-0.56
-0.56
-0.55
-0.55
-0.54
-0.53
-0.51
-0.51
-0.495
-0.49
-0.47
-0.46
-0.43
-0.42
-0.395
-0.39
-0.37
-0.355
-0.35
-0.345
-0.345
-0.375
-0.39
-0.415
-0.42
-0.44
-0.44
-0.45
-0.435
-0.44
-0.43
-0.425
-0.415
-0.415
-0.395
-0.395
-0.375
-0.37
-0.37
-0.37
-0.35
-0.35
-0.345
-0.355
-0.35
-0.35
-0.335
-0.34
-0.32
-0.33
-0.32
-0.32
-0.3
-0.31
-0.3
-0.295
-0.28
-0.29
-0.275
-0.28
-0.275
-0.265
-0.26
-0.26
-0.22
-0.21
-0.14
-0.13
-0.12
-0.135
-0.175
-0.2
-0.185
-0.19
-0.19
-0.185
-0.195
-0.22
-0.22
-0.04
0.345
0.54
0.24
-0.08
-0.06
-0.105
-0.115
-0.12
-0.105
-0.105
-0.095
-0.08
-0.075
-0.075
-0.06
-0.065
-0.04
-0.04
-0.015
-0.015
0.005
0.005
0.04
0.045
0.08
0.08
0.1
0.11
0.14
0.145
0.155
0.15
0.16
0.14
0.12
0.095
0.09
0.07
0.065
0.065
0.065
0.06
0.08
0.06
0.08
0.07
0.085
0.09
0.1
0.09
0.1
0.105
0.1
0.1
0.1
0.09
0.1
0.09
0.1
0.095
0.09
0.09
0.11
0.095
0.11
0.1
0.11
0.105
0.1
0.095
0.105
0.1
0.1
0.105
0.11
0.11
0.125
0.14
0.2
0.22
0.22
0.21
0.19
0.135
0.125
0.14
0.12
0.105
0.1
0.08
0.045
0.1
0.37
0.79
0.67
0.24
0.14
0.13
0.09
0.06
0.07
0.06
0.065
0.06
0.055
0.045
0.06
0.045
0.04
0.04
0.04
0.045
0.06
0.055
0.065
0.07
0.08
0.09
0.105
0.12
0.145
0.14
0.145
0.14
0.125
0.09
0.065
0.025
-0.01
-0.02
-0.04
-0.06
-0.055
-0.075
-0.08
-0.08
-0.075
-0.08
-0.075
-0.08
-0.08
-0.06
-0.075
-0.075
-0.07
-0.08
-0.08
-0.075
-0.08
-0.08
-0.09
-0.08
-0.095
-0.08
-0.1
-0.1
-0.1
-0.1
-0.08
-0.1
-0.095
-0.1
-0.11
-0.12
-0.115
-0.115
-0.12
-0.13
-0.13
-0.12
-0.11
-0.055
-0.035
-0.055
-0.06
-0.095
-0.14
-0.155
-0.15
-0.17
-0.17
-0.19
-0.2
-0.235
-0.13
0.17
0.54
0.29
-0.15
-0.16
-0.15
-0.185
-0.2
-0.2
-0.2
-0.195
-0.195
-0.2
-0.2
-0.19
-0.19
-0.19
-0.18
-0.18
-0.17
-0.165
-0.155
-0.155
-0.145
-0.12
-0.11
-0.1
-0.08
-0.07
-0.06
-0.06
-0.055
-0.075
-0.095
-0.115
-0.14
-0.175
-0.18
-0.195
-0.21
-0.21
-0.21
-0.22
-0.215
-0.22
-0.195
-0.2
-0.19
-0.195
-0.19
-0.18
-0.175
-0.18
-0.18
-0.185
-0.18
-0.19
-0.18
-0.18
-0.195
-0.18
-0.18
-0.19
-0.175
-0.18
-0.18
-0.175
-0.18
-0.19
-0.17
-0.175
-0.175
-0.175
-0.165
-0.18
-0.17
-0.16
-0.12
-0.07
-0.05
-0.08
-0.08
-0.13
-0.145
-0.15
-0.155
-0.16
-0.165
-0.175
-0.2
-0.225
-0.04
0.34
0.52
0.19
-0.12
-0.1
-0.135
-0.155
-0.15
-0.165
-0.15
-0.155
-0.15
-0.155
-0.15
-0.15
-0.14
-0.14
-0.12
-0.12
-0.115
-0.1
-0.1
-0.1
-0.08
-0.075
-0.07
-0.06
-0.035
-0.035
-0.02
-0.015
-0.005
-0.02
-0.035
-0.055
-0.07
-0.08
-0.11
-0.11
-0.115
-0.12
-0.115
-0.115
-0.115
-0.11
-0.105
-0.12
-0.095
-0.08
-0.08
-0.08
-0.08
-0.09
-0.07
-0.08
-0.08
-0.08
-0.075
-0.08
-0.08
-0.08
-0.075
-0.075
-0.07
-0.08
-0.07
-0.075
-0.065
-0.075
-0.07
-0.075
-0.055
-0.075
-0.07
-0.07
-0.055
-0.04
0.02
0.025
0.02
0.02
-0.03
-0.075
-0.06
-0.06
-0.065
-0.08
-0.075
-0.11
-0.12
0.04
0.405
0.645
0.35
-0.02
-0.01
-0.05
-0.07
-0.075
-0.07
-0.08
-0.075
-0.08
-0.075
-0.07
-0.065
-0.07
-0.055
-0.05
-0.05
-0.04
-0.03
-0.035
-0.02
-0.01
0.0
0.015
0.04
0.05
0.065
0.06
0.08
0.08
0.065
0.03
0.015
-0.02
-0.04
-0.055
-0.06
-0.095
-0.08
-0.08
-0.09
-0.095
-0.095
-0.1
-0.095
-0.1
-0.09
-0.08
-0.08
-0.095
-0.08
-0.11
-0.1
-0.1
-0.1
-0.11
-0.11
-0.11
-0.11
-0.115
-0.12
-0.12
-0.12
-0.12
-0.125
-0.14
-0.12
-0.13
-0.13
-0.135
-0.135
-0.14
-0.14
-0.14
-0.12
-0.08
-0.04
-0.04
-0.055
-0.09
-0.135
-0.155
-0.155
-0.17
-0.165
-0.19
-0.195
-0.23
-0.18
0.08
0.52
0.385
-0.04
-0.165
-0.165
-0.18
-0.2
-0.215
-0.2
-0.2
-0.195
-0.215
-0.195
-0.21
-0.2
-0.2
-0.195
-0.19
-0.17
-0.18
-0.175
-0.165
-0.14
-0.14
-0.12
-0.1
-0.08
-0.08
-0.055
-0.07
-0.05
-0.06
-0.1
-0.135
-0.165
-0.2
-0.215
-0.24
-0.24
-0.27
-0.275
-0.28
-0.275
-0.29
-0.29
-0.3
-0.29
-0.295
-0.295
-0.305
-0.31
-0.32
-0.325
-0.32
-0.335
-0.35
-0.34
-0.355
-0.355
-0.36
-0.375
-0.38
-0.38
-0.39
-0.39
-0.39
-0.4
-0.395
-0.4
-0.4
-0.4
-0.42
-0.415
-0.42
-0.4
-0.4
-0.345
-0.32
-0.31
-0.34
-0.36
-0.42
-0.425
-0.43
-0.435
-0.45
-0.455
-0.475
-0.5
-0.475
-0.175
0.24
0.085
-0.355
-0.43
-0.43
-0.45
-0.47
-0.47
-0.475
-0.45
-0.46
-0.445
-0.45
-0.43
-0.44
-0.425
-0.43
-0.4
-0.415
-0.39
-0.385
-0.355
-0.36
-0.33
-0.325
-0.28
-0.265
-0.24
-0.24
-0.22
-0.23
-0.225
-0.26
-0.275
-0.31
-0.325
-0.355
-0.345
-0.36
-0.35
-0.36
-0.35
-0.355
-0.32
-0.335
-0.315
-0.32
-0.29
-0.3
-0.27
-0.29
-0.26
-0.28
-0.255
-0.26
-0.24
-0.24
-0.22
-0.235
-0.215
-0.235
-0.215
-0.215
-0.2
-0.2
-0.195
-0.2
-0.175
-0.19
-0.17
-0.18
-0.16
-0.16
-0.135
-0.12
-0.06
-0.03
-0.02
-0.03
-0.04
-0.1
-0.08
-0.1
-0.09
-0.1
-0.09
-0.12
-0.12
-0.05
0.26
0.64
0.455
0.005
0.005
0.005
-0.005
-0.03
0.005
-0.005
0.025
0.015
0.04
0.04
0.055
0.045
0.085
0.08
0.11
0.105
0.14
0.145
0.175
0.155
0.205
0.22
0.245
0.26
0.29
0.285
0.295
0.29
0.315
0.28
0.285
0.24
0.245
0.205
0.22
0.205
0.215
0.2
0.22
0.205
0.24
0.24
0.25
0.255
0.285
0.27
0.29
0.29
0.305
0.29
0.305
0.28
0.31
0.285
0.305
0.3
0.32
0.285
0.32
0.285
0.32
0.3
0.32
0.305
0.32
0.305
0.315
0.31
0.32
0.31
0.34
0.34
0.405
0.405
0.405
0.385
0.36
0.32
0.32
0.305
0.31
0.28
0.29
0.26
0.245
0.345
0.7
1.01
0.755
0.35
0.36
0.305
0.3
0.265
0.29
0.26
0.285
0.27
0.28
0.26
0.28
0.27
0.28
0.265
0.285
0.28
0.29
0.285
0.31
0.295
0.32
0.305
0.335
0.34
0.36
0.35
0.385
0.35
0.365
0.32
0.315
0.28
0.28
0.24
0.245
0.225
0.245
0.22
0.225
0.21
0.225
0.205
0.23
0.22
0.23
0.22
0.24
0.225
0.23
0.22
0.23
0.205
0.215
0.2
0.21
0.2
0.205
0.18
0.205
0.165
0.185
0.165
0.16
0.15
0.17
0.14
0.15
0.14
0.15
0.13
0.135
0.12
0.135
0.135
0.2
0.21
0.215
0.17
0.16
0.09
0.1
0.08
0.085
0.065
0.08
0.04
0.005
0.105
0.4
0.78
0.595
0.17
0.13
0.095
0.08
0.04
0.055
0.04
0.06
0.045
0.06
0.03
0.045
0.05
0.065
0.06
0.07
0.06
0.09
0.085
0.11
0.11
0.125
0.13
0.165
0.165
0.2
0.2
0.22
0.21
0.21
0.17
0.17
0.135
0.12
0.09
0.085
0.065
0.085
0.07
0.065
0.08
0.08
0.07
0.1
0.085
0.095
0.095
0.105
0.1
0.11
0.105
0.12
0.105
0.12
0.11
0.12
0.12
0.125
0.125
0.13
0.12
0.14
0.13
0.14
0.12
0.13
0.125
0.13
0.13
0.14
0.12
0.135
0.135
0.14
0.14
0.18
0.24
0.25
0.24
0.22
0.165
0.145
0.13
0.135
0.12
0.1
0.085
0.08
0.025
0.165
0.5
0.82
0.525
0.11
0.115
0.095
0.055
0.05
0.05
0.05
0.04
0.04
0.025
0.03
0.03
0.04
0.025
0.04
0.04
0.04
0.05
0.055
0.06
0.08
0.08
0.1
0.12
0.125
0.13
0.135
0.13
0.13
0.11
0.08
0.04
0.0
-0.03
-0.055
-0.075
-0.08
-0.095
-0.1
-0.11
-0.11
-0.11
-0.105
-0.11
-0.115
-0.12
-0.105
-0.12
-0.12
-0.13
-0.13
-0.135
-0.14
-0.16
-0.16
-0.165
-0.165
-0.175
-0.175
-0.19
-0.185
-0.19
-0.2
-0.2
-0.2
-0.22
-0.215
-0.225
-0.225
-0.23
-0.24
-0.24
-0.24
-0.24
-0.22
-0.185
-0.145
-0.175
-0.175
-0.22
-0.26
-0.28
-0.28
-0.3
-0.305
-0.32
-0.335
-0.37
-0.31
-0.04
0.365
0.2
-0.225
-0.31
-0.32
-0.34
-0.36
-0.355
-0.36
-0.36
-0.37
-0.36
-0.355
-0.36
-0.36
-0.355
-0.36
-0.35
-0.35
-0.35
-0.32
-0.315
-0.31
-0.29
-0.29
-0.265
-0.24
-0.24
-0.235
-0.235
-0.23
-0.24
-0.26
-0.3
-0.34
-0.355
-0.38
-0.385
-0.4
-0.42
-0.415
-0.42
-0.425
-0.42
-0.42
-0.41
-0.41
-0.42
-0.415
-0.415
-0.4
-0.425
-0.42
-0.43
-0.42
-0.43
-0.435
-0.44
-0.43
-0.44
-0.44
-0.445
-0.45
-0.44
-0.44
-0.445
-0.45
-0.44
-0.46
-0.46
-0.465
-0.47
-0.46
-0.465
-0.47
-0.45
-0.45
-0.4
-0.355
-0.36
-0.375
-0.39
-0.46
-0.475
-0.47
-0.485
-0.49
-0.495
-0.515
-0.545
-0.52
-0.29
0.11
0.08
-0.33
-0.485
-0.47
-0.49
-0.515
-0.525
-0.52
-0.52
-0.535
-0.53
-0.52
-0.51
-0.53
-0.52
-0.525
-0.52
-0.52
-0.52
-0.505
-0.49
-0.5
-0.485
-0.475
-0.455
-0.45
-0.43
-0.43
-0.415
-0.42
-0.435
-0.455
-0.48
-0.5
-0.52
-0.55
-0.56
-0.58
-0.575
-0.585
-0.595
-0.59
-0.58
-0.58
-0.58
-0.58
-0.56
-0.56
-0.56
-0.56
-0.57
-0.575
-0.56
-0.57
-0.575
-0.575
-0.57
-0.57
-0.56
-0.56
-0.56
-0.56
-0.56
-0.56
-0.55
-0.56
-0.55
-0.55
-0.54
-0.545
-0.52
-0.53
-0.525
-0.53
-0.515
-0.52
-0.49
-0.445
-0.4
-0.415
-0.4
-0.42
-0.47
-0.49
-0.485
-0.49
-0.5
-0.51
-0.505
-0.545
-0.515
-0.28
0.15
0.13
-0.25
-0.42
-0.415
-0.455
-0.465
-0.47
-0.47
-0.46
-0.45
-0.44
-0.44
-0.45
-0.43
-0.435
-0.42
-0.415
-0.4
-0.395
-0.38
-0.37
-0.355
-0.35
-0.32
-0.315
-0.29
-0.28
-0.26
-0.255
-0.24
-0.24
-0.24
-0.27
-0.27
-0.295
-0.29
-0.31
-0.32
-0.32
-0.31
-0.31
-0.31
-0.315
-0.31
-0.305
-0.295
-0.3
-0.28
-0.285
-0.275
-0.28
-0.275
-0.275
-0.27
-0.28
-0.26
-0.27
-0.26
-0.27
-0.26
-0.265
-0.26
-0.27
-0.26
-0.275
-0.265
-0.27
-0.255
-0.275
-0.26
-0.27
-0.26
-0.27
-0.24
-0.235
-0.22
-0.15
-0.145
-0.155
-0.17
-0.22
-0.24
-0.26
-0.25
-0.26
-0.26
-0.275
-0.28
-0.34
-0.16
0.205
0.465
0.14
-0.21
-0.21
-0.24
-0.275
-0.275
-0.285
-0.29
-0.295
-0.28
-0.29
-0.28
-0.28
-0.275
-0.28
-0.26
-0.27
-0.24
-0.25
-0.235
-0.235
-0.215
-0.215
-0.19
-0.175
-0.165
-0.165
-0.135
-0.15
-0.15
-0.175
-0.195
-0.22
-0.24
-0.275
-0.28
-0.295
-0.3
-0.315
-0.315
-0.32
-0.315
-0.32
-0.32
-0.32
-0.315
-0.315
-0.31
-0.32
-0.32
-0.32
-0.32
-0.335
-0.34
-0.34
-0.34
-0.345
-0.355
-0.36
-0.35
-0.355
-0.36
-0.36
-0.36
-0.355
-0.355
-0.37
-0.36
-0.375
-0.375
-0.385
-0.375
-0.385
-0.37
-0.37
-0.31
-0.265
-0.28
-0.295
-0.32
-0.38
-0.39
-0.39
-0.4
-0.42
-0.42
-0.44
-0.47
-0.42
-0.15
0.26
0.15
-0.295
-0.39
-0.4
-0.42
-0.425
-0.43
-0.44
-0.43
-0.435
-0.43
-0.435
-0.42
-0.425
-0.415
-0.42
-0.415
-0.4
-0.395
-0.39
-0.38
-0.36
-0.355
-0.34
-0.315
-0.31
-0.28
-0.28
-0.26
-0.275
-0.275
-0.31
-0.325
-0.355
-0.38
-0.415
-0.42
-0.44
-0.43
-0.45
-0.44
-0.45
-0.45
-0.45
-0.44
-0.44
-0.435
-0.44
-0.43
-0.43
-0.42
-0.43
-0.425
-0.44
-0.435
-0.435
-0.435
-0.45
-0.435
-0.44
-0.44
-0.45
-0.44
-0.45
-0.44
-0.455
-0.44
-0.44
-0.435
-0.44
-0.435
-0.45
-0.43
-0.44
-0.43
-0.42
-0.355
-0.32
-0.325
-0.32
-0.355
-0.42
-0.43
-0.43
-0.42
-0.44
-0.44
-0.45
-0.485
-0.42
-0.12
0.28
0.08
-0.345
-0.39
-0.4
-0.415
-0.44
-0.43
-0.43
-0.425
-0.43
-0.425
-0.43
-0.4
-0.42
-0.415
-0.41
-0.4
-0.4
-0.38
-0.38
-0.355
-0.34
-0.315
-0.31
-0.28
-0.28
-0.25
-0.255
-0.24
-0.255
-0.24
-0.28
-0.295
-0.32
-0.345
-0.38
-0.38
-0.4
-0.39
-0.4
-0.39
-0.4
-0.39
-0.4
-0.385
-0.385
-0.375
-0.375
-0.355
-0.38
-0.36
-0.375
-0.375
-0.38
-0.38
-0.395
-0.37
-0.38
-0.37
-0.39
-0.38
-0.39
-0.38
-0.39
-0.38
-0.39
-0.38
-0.39
-0.375
-0.38
-0.375
-0.385
-0.375
-0.375
-0.345
-0.305
-0.265
-0.28
-0.275
-0.305
-0.355
-0.38
-0.37
-0.38
-0.38
-0.395
-0.395
-0.45
-0.38
-0.13
0.29
0.12
-0.28
-0.37
-0.355
-0.375
-0.38
-0.4
-0.39
-0.395
-0.385
-0.39
-0.38
-0.385
-0.365
-0.37
-0.35
-0.35
-0.34
-0.35
-0.33
-0.32
-0.3
-0.3
-0.28
-0.265
-0.24
-0.24
-0.23
-0.235
-0.22
-0.23
-0.24
-0.28
-0.295
-0.34
-0.34
-0.36
-0.35
-0.375
-0.37
-0.38
-0.36
-0.38
-0.36
-0.37
-0.355
-0.355
-0.335
-0.35
-0.34
-0.35
-0.34
-0.35
-0.335
-0.35
-0.34
-0.355
-0.345
-0.35
-0.345
-0.36
-0.345
-0.365
-0.35
-0.36
-0.355
-0.36
-0.34
-0.36
-0.34
-0.36
-0.355
-0.35
-0.315
-0.295
-0.24
-0.24
-0.24
-0.27
-0.3
-0.34
-0.32
-0.345
-0.335
-0.35
-0.36
-0.395
-0.375
-0.17
0.25
0.29
-0.07
-0.3
-0.275
-0.325
-0.335
-0.355
-0.335
-0.35
-0.34
-0.345
-0.32
-0.34
-0.325
-0.34
-0.32
-0.325
-0.305
-0.31
-0.28
-0.305
-0.28
-0.28
-0.26
-0.24
-0.225
-0.22
-0.195
-0.21
-0.18
-0.195
-0.195
-0.21
-0.23
-0.275
-0.27
-0.3
-0.285
-0.3
-0.295
-0.315
-0.29
-0.31
-0.29
-0.31
-0.295
-0.31
-0.28
-0.29
-0.265
-0.27
-0.265
-0.28
-0.265
-0.28
-0.275
-0.275
-0.255
-0.275
-0.24
-0.265
-0.24
-0.27
-0.25
-0.26
-0.24
-0.26
-0.24
-0.255
-0.235
-0.24
-0.22
-0.24
-0.23
-0.215
-0.17
-0.135
-0.12
-0.14
-0.12
-0.185
-0.2
-0.21
-0.2
-0.23
-0.21
-0.235
-0.235
-0.275
-0.095
0.26
0.52
0.185
-0.14
-0.14
-0.17
-0.21
-0.195
-0.22
-0.195
-0.215
-0.195
-0.2
-0.175
-0.19
-0.175
-0.19
-0.165
-0.17
-0.155
-0.165
-0.135
-0.14
-0.11
-0.115
-0.08
-0.075
-0.04
-0.055
-0.025
-0.035
-0.01
-0.035
-0.04
-0.08
-0.08
-0.12
-0.115
-0.14
-0.13
-0.155
-0.14
-0.165
-0.145
-0.155
-0.135
-0.155
-0.13
-0.14
-0.12
-0.12
-0.11
-0.12
-0.11
-0.12
-0.11
-0.13
-0.105
-0.115
-0.1
-0.12
-0.105
-0.12
-0.11
-0.12
-0.1
-0.12
-0.095
-0.12
-0.095
-0.115
-0.08
-0.11
-0.09
-0.1
-0.08
-0.08
-0.05
-0.02
0.04
0.02
0.025
-0.02
-0.055
-0.08
-0.06
-0.095
-0.08
-0.1
-0.09
-0.15
-0.05
0.22
0.645
0.44
0.04
-0.04
-0.025
-0.075
-0.07
-0.08
-0.07
-0.075
-0.07
-0.08
-0.07
-0.07
-0.055
-0.055
-0.04
-0.045
-0.03
-0.035
-0.005
-0.02
0.01
0.01
0.05
0.045
0.085
0.08
0.105
0.095
0.12
0.08
0.085
0.04
0.025
-0.02
-0.02
-0.06
-0.035
-0.065
-0.055
-0.065
-0.04
-0.07
-0.04
-0.06
-0.04
-0.04
-0.025
-0.04
-0.015
-0.04
-0.025
-0.04
-0.03
-0.04
-0.03
-0.05
-0.03
-0.05
-0.025
-0.05
-0.04
-0.055
-0.04
-0.06
-0.05
-0.06
-0.04
-0.065
-0.05
-0.07
-0.04
-0.07
-0.04
-0.035
0.04
0.05
0.05
0.02
-0.005
-0.06
-0.05
-0.075
-0.055
-0.07
-0.075
-0.115
-0.13
-0.015
0.34
0.64
0.37
-0.06
-0.015
-0.055
-0.055
-0.08
-0.07
-0.095
-0.07
-0.08
-0.065
-0.08
-0.06
-0.065
-0.05
-0.06
-0.04
-0.055
-0.02
-0.03
-0.005
-0.005
0.04
0.04
0.065
0.07
0.095
0.08
0.105
0.08
0.09
0.05
0.03
-0.015
-0.02
-0.06
-0.06
-0.09
-0.07
-0.1
-0.08
-0.095
-0.07
-0.08
-0.08
-0.095
-0.07
-0.08
-0.06
-0.1
-0.07
-0.08
-0.08
-0.11
-0.08
-0.11
-0.08
-0.11
-0.105
-0.12
-0.095
-0.12
-0.11
-0.13
-0.1
-0.115
-0.11
-0.135
-0.1
-0.12
-0.1
-0.08
-0.015
-0.015
-0.01
-0.04
-0.075
-0.12
-0.11
-0.135
-0.12
-0.14
-0.14
-0.18
-0.18
-0.005
0.385
0.485
0.145
-0.15
-0.095
-0.135
-0.135
-0.165
-0.145
-0.15
-0.14
-0.155
-0.135
-0.15
-0.135
-0.15
-0.12
-0.135
-0.12
-0.145
-0.11
-0.115
-0.095
-0.1
-0.075
-0.08
-0.055
-0.06
-0.03
-0.04
-0.04
-0.075
-0.08
-0.12
-0.14
-0.19
-0.195
-0.235
-0.22
-0.26
-0.255
-0.275
-0.26
-0.28
-0.265
-0.28
-0.26
-0.29
-0.27
-0.295
-0.275
-0.29
-0.28
-0.31
-0.3
-0.315
-0.3
-0.33
-0.31
-0.33
-0.315
-0.34
-0.325
-0.335
-0.315
-0.345
-0.33
-0.355
-0.335
-0.36
-0.345
-0.35
-0.31
-0.28
-0.24
-0.24
-0.23
-0.27
-0.3
-0.34
-0.315
-0.34
-0.32
-0.35
-0.34
-0.39
-0.34
-0.11
0.36
0.3
-0.08
-0.24
-0.235
-0.28
-0.285
-0.3
-0.28
-0.295
-0.27
-0.275
-0.25
-0.26
-0.235
-0.24
-0.22
-0.225
-0.19
-0.19
-0.17
-0.175
-0.14
-0.135
-0.09
-0.095
-0.04
-0.05
-0.01
-0.015
0.02
0.015
0.02
-0.01
0.005
-0.035
-0.02
-0.03
-0.01
-0.01
0.015
-0.005
0.03
0.04
0.055
0.055
0.09
0.085
0.12
0.125
0.15
0.15
0.185
0.19
0.215
0.215
0.25
0.245
0.27
0.27
0.305
0.3
0.325
0.325
0.35
0.36
0.38
0.37
0.41
0.4
0.45
0.415
0.47
0.465
0.525
0.565
0.605
0.585
0.615
0.56
0.56
0.545
0.565
0.56
0.58
0.56
0.56
0.54
0.71
1.05
1.31
1.015
0.7
0.705
0.685
0.64
0.65
0.64
0.67
0.655
0.68
0.68
0.69
0.67
0.72
0.7
0.71
0.7
0.735
0.72
0.75
0.74
0.76
0.76
0.775
0.78
0.82
0.81
0.84
0.84
0.85
0.83
0.82
0.795
0.79
0.75
0.74
0.72
0.725
0.705
0.72
0.695
0.705
0.69
0.71
0.685
0.705
0.685
0.7
0.695
0.7
0.68
0.695
0.68
0.685
0.665
0.665
0.65
0.665
0.64
0.66
0.64
0.65
0.63
0.665
0.62
0.635
0.61
0.63
0.615
0.62
0.6
0.63
0.625
0.685
0.7
0.695
0.67
0.645
0.585
0.585
0.565
0.565
0.54
0.54
0.5
0.475
0.6
0.98
1.28
0.98
0.565
0.59
0.54
0.52
0.5
0.5
0.485
0.505
0.475
0.48
0.47
0.485
0.47
0.475
0.475
0.495
0.475
0.5
0.495
0.51
0.505
0.52
0.535
0.56
0.56
0.58
0.57
0.58
0.565
0.56
0.52
0.49
0.445
0.44
0.4
0.39
0.38
0.38
0.36
0.365
0.345
0.35
0.35
0.36
0.345
0.36
0.345
0.36
0.35
0.34
0.335
0.34
0.32
0.325
0.32
0.32
0.285
0.3
0.29
0.3
0.285
0.29
0.27
0.275
0.27
0.27
0.26
0.27
0.265
0.27
0.28
0.335
0.36
0.36
0.345
0.32
0.26
0.245
0.225
0.22
0.22
0.205
0.18
0.15
0.225
0.51
0.91
0.69
0.25
0.22
0.205
0.19
0.165
0.175
0.155
0.17
0.155
0.175
0.165
0.17
0.16
0.18
0.18
0.18
0.18
0.2
0.2
0.22
0.22
0.24
0.25
0.265
0.28
0.29
0.305
0.3
0.295
0.28
0.245
0.22
0.18
0.155
0.12
0.12
0.09
0.1
0.085
0.09
0.08
0.09
0.09
0.09
0.085
0.095
0.085
0.09
0.08
0.085
0.08
0.08
0.06
0.07
0.055
0.065
0.055
0.06
0.045
0.045
0.04
0.04
0.03
0.04
0.03
0.04
0.03
0.03
0.025
0.04
0.04
0.08
0.12
0.115
0.1
0.08
0.01
-0.005
-0.01
-0.015
-0.03
-0.04
-0.06
-0.08
-0.015
0.24
0.63
0.44
0.01
-0.035
-0.035
-0.04
-0.07
-0.07
-0.08
-0.07
-0.08
-0.075
-0.08
-0.075
-0.08
-0.07
-0.065
-0.06
-0.065
-0.055
-0.05
-0.035
-0.035
-0.015
-0.02
0.015
0.02
0.02
0.025
0.025
0.02
0.01
-0.04
-0.055
-0.08
-0.105
-0.14
-0.14
-0.165
-0.165
-0.175
-0.17
-0.175
-0.165
-0.17
-0.16
-0.17
-0.165
-0.165
-0.165
-0.165
-0.165
-0.18
-0.175
-0.18
-0.18
-0.195
-0.19
-0.2
-0.195
-0.215
-0.21
-0.22
-0.21
-0.21
-0.21
-0.22
-0.21
-0.22
-0.225
-0.24
-0.22
-0.21
-0.165
-0.14
-0.14
-0.15
-0.155
-0.21
-0.215
-0.24
-0.24
-0.27
-0.265
-0.28
-0.325
-0.26
0.02
0.4
0.24
-0.19
-0.235
-0.24
-0.27
-0.3
-0.295
-0.305
-0.3
-0.32
-0.315
-0.32
-0.315
-0.32
-0.315
-0.32
-0.3
-0.32
-0.305
-0.31
-0.305
-0.315
-0.31
-0.305
-0.29
-0.29
-0.27
-0.27
-0.265
-0.275
-0.27
-0.29
-0.305
-0.335
-0.35
-0.365
-0.37
-0.39
-0.385
-0.385
-0.39
-0.4
-0.39
-0.39
-0.38
-0.39
-0.38
-0.375
-0.37
-0.37
-0.375
-0.37
-0.36
-0.37
-0.37
-0.38
-0.36
-0.37
-0.36
-0.375
-0.355
-0.355
-0.345
-0.36
-0.36
-0.36
-0.355
-0.36
-0.34
-0.345
-0.315
-0.28
-0.235
-0.24
-0.25
-0.27
-0.315
-0.33
-0.325
-0.34
-0.335
-0.35
-0.345
-0.4
-0.305
-0.025
0.375
0.21
-0.2
-0.26
-0.27
-0.3
-0.32
-0.32
-0.31
-0.315
-0.295
-0.3
-0.295
-0.295
-0.29
-0.29
-0.275
-0.27
-0.26
-0.26
-0.24
-0.24
-0.215
-0.215
-0.185
-0.17
-0.145
-0.13
-0.12
-0.11
-0.11
-0.115
-0.135
-0.17
-0.18
-0.195
-0.21
-0.23
-0.23
-0.235
-0.235
-0.24
-0.23
-0.235
-0.23
-0.22
-0.215
-0.225
-0.21
-0.22
-0.2
-0.2
-0.2
-0.2
-0.185
-0.2
-0.185
-0.18
-0.185
-0.19
-0.18
-0.17
-0.17
-0.175
-0.165
-0.18
-0.175
-0.175
-0.17
-0.165
-0.17
-0.165
-0.135
-0.13
-0.08
-0.04
-0.04
-0.055
-0.08
-0.12
-0.13
-0.14
-0.14
-0.15
-0.15
-0.17
-0.2
-0.105
0.21
0.61
0.375
-0.07
-0.08
-0.11
-0.12
-0.14
-0.12
-0.13
-0.115
-0.12
-0.12
-0.12
-0.12
-0.11
-0.1
-0.1
-0.08
-0.08
-0.06
-0.06
-0.04
-0.025
-0.01
0.015
0.03
0.045
0.06
0.08
0.09
0.08
0.06
0.04
0.0
-0.025
-0.04
-0.065
-0.075
-0.08
-0.08
-0.095
-0.08
-0.08
-0.08
-0.075
-0.06
-0.07
-0.065
-0.06
-0.06
-0.06
-0.07
-0.075
-0.075
-0.07
-0.07
-0.075
-0.065
-0.07
-0.065
-0.075
-0.07
-0.065
-0.07
-0.075
-0.06
-0.07
-0.07
-0.08
-0.07
-0.07
-0.065
-0.07
-0.055
-0.045
0.01
0.055
0.04
0.04
0.005
-0.055
-0.065
-0.06
-0.075
-0.08
-0.08
-0.1
-0.12
-0.085
0.2
0.62
0.475
0.025
-0.06
-0.04
-0.07
-0.075
-0.075
-0.08
-0.08
-0.08
-0.08
-0.08
-0.075
-0.075
-0.065
-0.07
-0.07
-0.04
-0.04
-0.04
-0.03
-0.015
-0.005
0.02
0.04
0.05
0.07
0.08
0.08
0.065
0.05
0.025
-0.005
-0.035
-0.055
-0.09
-0.1
-0.11
-0.11
-0.12
-0.115
-0.12
-0.115
-0.11
-0.11
-0.115
-0.1
-0.105
-0.1
-0.1
-0.11
-0.105
-0.1
-0.12
-0.115
-0.11
-0.105
-0.115
-0.12
-0.13
-0.12
-0.13
-0.135
-0.13
-0.14
-0.14
-0.145
-0.145
-0.14
-0.15
-0.14
-0.15
-0.15
-0.155
-0.135
-0.08
-0.045
-0.055
-0.06
-0.095
-0.145
-0.165
-0.165
-0.18
-0.185
-0.19
-0.19
-0.24
-0.155
0.155
0.52
0.28
-0.15
-0.165
-0.165
-0.18
-0.215
-0.2
-0.21
-0.2
-0.21
-0.2
-0.2
-0.21
-0.195
-0.195
-0.19
-0.175
-0.175
-0.18
-0.165
-0.15
-0.135
-0.135
-0.115
-0.095
-0.08
-0.08
-0.06
-0.07
-0.07
-0.075
-0.095
-0.12
-0.14
-0.175
-0.2
-0.215
-0.215
-0.225
-0.22
-0.23
-0.225
-0.21
-0.22
-0.215
-0.2
-0.2
-0.195
-0.19
-0.19
-0.2
-0.2
-0.215
-0.215
-0.215
-0.22
-0.215
-0.22
-0.225
-0.23
-0.23
-0.225
-0.225
-0.22
-0.23
-0.225
-0.225
-0.235
-0.23
-0.22
-0.23
-0.235
-0.24
-0.23
-0.21
-0.15
-0.14
-0.14
-0.16
-0.2
-0.24
-0.235
-0.24
-0.24
-0.24
-0.26
-0.3
-0.31
-0.155
0.22
0.455
0.16
-0.21
-0.19
-0.235
-0.255
-0.265
-0.255
-0.26
-0.27
-0.26
-0.26
-0.27
-0.24
-0.24
-0.25
-0.25
-0.24
-0.235
-0.225
-0.23
-0.215
-0.21
-0.19
-0.19
-0.18
-0.155
-0.145
-0.145
-0.13
-0.135
-0.14
-0.165
-0.17
-0.22
-0.21
-0.23
-0.235
-0.24
-0.24
-0.24
-0.24
-0.23
-0.24
-0.24
-0.23
-0.23
-0.215
-0.215
-0.2
-0.22
-0.195
-0.2
-0.19
-0.185
-0.18
-0.18
-0.17
-0.17
-0.165
-0.17
-0.165
-0.16
-0.155
-0.16
-0.14
-0.155
-0.145
-0.145
-0.15
-0.14
-0.13
-0.14
-0.13
-0.13
-0.105
-0.07
-0.03
-0.025
-0.03
-0.04
-0.095
-0.12
-0.105
-0.12
-0.12
-0.12
-0.13
-0.165
-0.15
0.08
0.5
0.545
0.165
-0.055
-0.04
-0.08
-0.105
-0.115
-0.11
-0.115
-0.105
-0.11
-0.1
-0.1
-0.1
-0.095
-0.075
-0.075
-0.08
-0.08
-0.07
-0.06
-0.05
-0.04
-0.02
-0.005
0.015
0.03
0.04
0.045
0.06
0.05
0.04
0.01
-0.01
-0.04
-0.065
-0.08
-0.08
-0.11
-0.105
-0.11
-0.11
-0.115
-0.11
-0.11
-0.1
-0.1
-0.1
-0.1
-0.09
-0.1
-0.1
-0.1
-0.095
-0.12
-0.1
-0.1
-0.095
-0.1
-0.1
-0.11
-0.1
-0.11
-0.115
-0.12
-0.11
-0.115
-0.11
-0.12
-0.12
-0.12
-0.11
-0.12
-0.11
-0.12
-0.1
-0.11
-0.055
-0.015
-0.005
-0.02
-0.02
-0.095
-0.115
-0.115
-0.12
-0.13
-0.135
-0.165
-0.175
-0.18
0.025
0.405
0.56
0.16
-0.125
-0.11
-0.13
-0.15
-0.15
-0.155
-0.15
-0.15
-0.135
-0.145
-0.14
-0.14
-0.12
-0.135
-0.11
-0.115
-0.09
-0.095
-0.07
-0.08
-0.06
-0.035
-0.02
-0.01
0.025
0.02
0.04
0.04
0.03
0.01
-0.02
-0.055
-0.075
-0.11
-0.11
-0.14
-0.13
-0.14
-0.14
-0.145
-0.135
-0.14
-0.135
-0.135
-0.11
-0.12
-0.115
-0.12
-0.105
-0.12
-0.105
-0.12
-0.115
-0.12
-0.11
-0.11
-0.11
-0.125
-0.115
-0.115
-0.11
-0.12
-0.11
-0.11
-0.1
-0.12
-0.095
-0.13
-0.095
-0.12
-0.08
-0.12
-0.11
-0.115
-0.08
-0.09
-0.05
0.015
0.025
0.0
0.005
-0.06
-0.07
-0.08
-0.08
-0.09
-0.08
-0.105
-0.12
-0.155
0.04
0.4
0.625
0.27
-0.075
-0.05
-0.05
-0.08
-0.075
-0.08
-0.07
-0.08
-0.065
-0.07
-0.05
-0.06
-0.045
-0.05
-0.02
-0.04
-0.005
-0.005
0.03
0.04
0.065
0.08
0.11
0.12
0.165
0.155
0.18
0.175
0.17
0.155
0.15
0.1
0.09
0.05
0.05
0.015
0.02
0.005
0.015
-0.005
0.025
0.005
0.04
0.03
0.045
0.04
0.06
0.04
0.06
0.06
0.06
0.04
0.08
0.05
0.06
0.04
0.055
0.03
0.04
0.02
0.04
0.02
0.025
0.005
0.025
-0.005
0.01
0.01
0.015
0.0
0.01
-0.005
0.015
0.0
0.025
0.01
0.045
0.09
0.12
0.09
0.1
0.04
0.01
-0.015
0.01
-0.025
-0.02
-0.035
-0.04
-0.095
0.02
0.32
0.69
0.445
0.02
0.0
0.025
-0.035
-0.02
-0.04
-0.03
-0.035
-0.025
-0.04
-0.025
-0.015
-0.015
-0.02
0.01
0.0
0.02
0.02
0.045
0.045
0.08
0.07
0.095
0.1
0.125
0.13
0.155
0.155
0.17
0.14
0.14
0.11
0.085
0.055
0.06
0.025
0.04
0.025
0.04
0.04
0.04
0.04
0.06
0.065
0.09
0.085
0.1
0.1
0.12
0.11
0.125
0.12
0.13
0.125
0.14
0.14
0.15
0.155
0.18
0.175
0.185
0.18
0.2
0.2
0.215
0.225
0.24
0.25
0.26
0.26
0.27
0.28
0.3
0.3
0.315
0.33
0.365
0.41
0.45
0.445
0.46
0.44
0.405
0.4
0.41
0.405
0.405
0.4
0.4
0.365
0.46
0.745
1.17
0.985
0.575
0.535
0.525
0.49
0.49
0.495
0.505
0.51
0.525
0.52
0.525
0.53
0.56
0.56
0.58
0.585
0.6
0.61
0.62
0.615
0.635
0.655
0.67
0.69
0.7
0.705
0.73
0.725
0.75
0.74
0.745
0.72
0.69
0.665
0.665
0.65
0.66
0.65
0.65
0.65
0.65
0.65
0.665
0.665
0.67
0.68
0.685
0.69
0.69
0.68
0.69
0.69
0.69
0.7
0.69
0.69
0.69
0.69
0.7
0.705
0.7
0.7
0.72
0.72
0.72
0.72
0.725
0.72
0.725
0.725
0.73
0.725
0.735
0.73
0.735
0.735
0.76
0.77
0.82
0.84
0.825
0.81
0.77
0.73
0.73
0.72
0.71
0.7
0.705
0.68
0.65
0.82
1.2
1.39
1.1
0.76
0.765
0.72
0.695
0.68
0.68
0.66
0.68
0.67
0.67
0.665
0.665
0.665
0.66
0.655
0.665
0.665
0.665
0.665
0.68
0.68
0.69
0.7
0.71
0.73
0.73
0.735
0.74
0.735
0.72
0.695
0.66
0.635
0.61
0.585
0.565
0.56
0.545
0.53
0.525
0.52
0.51
0.5
0.495
0.49
0.48
0.475
0.47
0.47
0.455
0.445
0.44
0.43
0.41
0.42
0.4
0.4
0.385
0.38
0.36
0.36
0.345
0.34
0.33
0.33
0.33
0.32
0.32
0.31
0.3
0.3
0.3
0.295
0.29
0.295
0.28
0.28
0.285
0.305
0.33
0.38
0.37
0.36
0.345
0.295
0.26
0.27
0.25
0.25
0.24
0.24
0.185
0.21
0.455
0.88
0.84
0.425
0.25
0.26
0.24
0.21
0.21
0.205
0.2
0.215
0.205
0.21
0.2
0.2
0.2
0.21
0.21
0.2
0.21
0.225
0.24
0.245
0.25
0.27
0.28
0.295
0.305
0.32
0.315
0.32
0.32
0.29
0.26
0.21
0.175
0.155
0.125
0.11
0.09
0.085
0.08
0.08
0.08
0.07
0.06
0.065
0.065
0.08
0.05
0.05
0.04
0.04
0.03
0.02
0.005
0.0
-0.01
-0.02
-0.03
-0.03
-0.04
-0.04
-0.06
-0.075
-0.08
-0.08
-0.1
-0.115
-0.13
-0.13
-0.14
-0.165
-0.175
-0.19
-0.205
-0.21
-0.24
-0.24
-0.26
-0.26
-0.26
-0.215
-0.2
-0.23
-0.255
-0.31
-0.375
-0.395
-0.42
-0.435
-0.46
-0.485
-0.52
-0.56
-0.48
-0.18
0.155
-0.13
-0.57
-0.585
-0.61
-0.64
-0.67
-0.69
-0.7
-0.715
-0.72
-0.74
-0.75
-0.76
-0.77
-0.78
-0.79
-0.8
-0.81
-0.81
-0.81
-0.805
-0.825
-0.82
-0.82
-0.81
-0.805
-0.81
-0.815
-0.82
-0.84
-0.86
-0.895
-0.935
-0.97
-1.0
-1.04
-1.06
-1.08
-1.095
-1.115
-1.115
-1.13
-1.135
-1.14
-1.135
-1.145
-1.15
-1.165
-1.17
-1.17
-1.185
-1.195
-1.2
-1.215
-1.215
-1.23
-1.235
-1.25
-1.24
-1.255
-1.25
-1.26
-1.26
-1.27
-1.27
-1.285
-1.285
-1.29
-1.29
-1.295
-1.3
-1.3
-1.29
-1.31
-1.3
-1.305
-1.295
-1.31
-1.29
-1.265
-1.2
-1.2
-1.22
-1.235
-1.285
-1.315
-1.305
-1.31
-1.32
-1.335
-1.335
-1.375
-1.36
-1.165
-0.775
-0.715
-1.08
-1.31
-1.265
-1.305
-1.315
-1.335
-1.32
-1.33
-1.32
-1.32
-1.305
-1.31
-1.31
-1.3
-1.28
-1.29
-1.265
-1.26
-1.24
-1.24
-1.235
-1.23
-1.2
-1.2
-1.17
-1.17
-1.15
-1.14
-1.14
-1.15
-1.145
-1.17
-1.185
-1.215
-1.215
-1.23
-1.24
-1.24
-1.24
-1.245
-1.235
-1.23
-1.22
-1.22
-1.2
-1.2
-1.195
-1.185
-1.175
-1.175
-1.16
-1.16
-1.16
-1.17
-1.155
-1.15
-1.14
-1.14
-1.125
-1.125
-1.115
-1.115
-1.11
-1.1
-1.09
-1.095
-1.08
-1.08
-1.07
-1.07
-1.06
-1.06
-1.04
-1.04
-1.03
-1.03
-1.02
-1.02
-0.995
-0.97
-0.905
-0.895
-0.895
-0.895
-0.935
-0.965
-0.955
-0.96
-0.955
-0.96
-0.94
-0.97
-0.98
-0.83
-0.475
-0.195
-0.46
-0.84
-0.815
-0.855
-0.855
-0.865
-0.85
-0.855
-0.82
-0.835
-0.815
-0.825
-0.8
-0.795
-0.77
-0.77
-0.74
-0.745
-0.72
-0.72
-0.7
-0.69
-0.655
-0.645
-0.62
-0.59
-0.58
-0.57
-0.555
-0.55
-0.535
-0.555
-0.55
-0.575
-0.57
-0.6
-0.58
-0.595
-0.59
-0.6
-0.58
-0.585
-0.56
-0.56
-0.55
-0.54
-0.53
-0.53
-0.51
-0.52
-0.5
-0.51
-0.5
-0.5
-0.5
-0.495
-0.48
-0.49
-0.48
-0.475
-0.455
-0.465
-0.455
-0.455
-0.44
-0.44
-0.43
-0.43
-0.4
-0.415
-0.4
-0.4
-0.39
-0.395
-0.375
-0.375
-0.36
-0.36
-0.335
-0.33
-0.26
-0.235
-0.215
-0.225
-0.25
-0.3
-0.295
-0.3
-0.295
-0.305
-0.305
-0.32
-0.34
-0.31
-0.04
0.38
0.33
-0.095
-0.23
-0.23
-0.24
-0.275
-0.26
-0.26
-0.255
-0.26
-0.24
-0.24
-0.23
-0.23
-0.21
-0.22
-0.2
-0.2
-0.185
-0.175
-0.165
-0.165
-0.14
-0.13
-0.11
-0.1
-0.07
-0.075
-0.05
-0.06
-0.055
-0.075
-0.095
-0.125
-0.14
-0.16
-0.165
-0.195
-0.19
-0.195
-0.185
-0.195
-0.195
-0.19
-0.19
-0.19
-0.165
-0.18
-0.165
-0.17
-0.17
-0.175
-0.165
-0.175
-0.165
-0.17
-0.155
-0.18
-0.17
-0.17
-0.165
-0.17
-0.155
-0.17
-0.155
-0.165
-0.15
-0.165
-0.155
-0.165
-0.15
-0.165
-0.15
-0.145
-0.14
-0.14
-0.14
-0.145
-0.135
-0.15
-0.12
-0.12
-0.075
-0.03
-0.02
-0.04
-0.04
-0.1
-0.11
-0.115
-0.12
-0.14
-0.14
-0.155
-0.17
-0.18
0.04
0.42
0.54
0.13
-0.12
-0.095
-0.11
-0.12
-0.12
-0.13
-0.12
-0.12
-0.115
-0.12
-0.1
-0.105
-0.095
-0.1
-0.08
-0.075
-0.06
-0.06
-0.04
-0.04
-0.02
-0.02
0.02
0.015
0.05
0.05
0.06
0.07
0.07
0.045
0.04
0.0
-0.01
-0.04
-0.05
-0.08
-0.07
-0.09
-0.075
-0.08
-0.065
-0.075
-0.055
-0.06
-0.055
-0.055
-0.05
-0.06
-0.055
-0.06
-0.05
-0.055
-0.055
-0.07
-0.05
-0.065
-0.05
-0.06
-0.05
-0.04
-0.05
-0.06
-0.055
-0.055
-0.04
-0.06
-0.04
-0.04
-0.035
-0.05
-0.035
-0.04
-0.03
-0.04
-0.03
-0.03
-0.03
-0.035
-0.01
0.01
0.08
0.08
0.085
0.08
0.03
-0.01
-0.015
-0.02
-0.015
-0.03
-0.03
-0.05
-0.08
0.025
0.34
0.69
0.44
0.0
0.02
0.005
0.005
-0.02
-0.01
-0.02
-0.005
-0.02
0.0
-0.015
0.01
0.005
0.02
0.015
0.03
0.02
0.045
0.045
0.08
0.08
0.09
0.105
0.13
0.13
0.155
0.155
0.18
0.165
0.175
0.145
0.13
0.105
0.08
0.05
0.045
0.03
0.03
0.03
0.03
0.03
0.04
0.03
0.04
0.045
0.06
0.05
0.06
0.04
0.06
0.045
0.055
0.04
0.05
0.03
0.04
0.025
0.04
0.025
0.025
0.015
0.02
0.005
0.04
0.02
0.025
0.02
0.025
0.01
0.025
0.02
0.02
0.005
0.025
0.01
0.02
0.005
0.015
-0.005
0.02
0.01
0.06
0.085
0.11
0.09
0.09
0.025
0.005
-0.01
0.0
-0.01
-0.015
-0.04
-0.04
-0.08
0.065
0.375
0.66
0.345
-0.03
0.005
-0.005
-0.04
-0.04
-0.04
-0.04
-0.05
-0.035
-0.04
-0.035
-0.04
-0.035
-0.04
-0.02
-0.03
-0.01
-0.01
0.005
-0.005
0.025
0.02
0.045
0.05
0.065
0.065
0.085
0.08
0.095
0.08
0.065
0.04
0.02
-0.02
-0.03
-0.055
-0.055
-0.07
-0.055
-0.075
-0.07
-0.08
-0.06
-0.075
-0.055
-0.07
-0.05
-0.07
-0.05
-0.075
-0.055
-0.07
-0.055
-0.08
-0.07
-0.08
-0.075
-0.08
-0.08
-0.095
-0.07
-0.08
-0.07
-0.095
-0.07
-0.09
-0.075
-0.1
-0.08
-0.11
-0.08
-0.1
-0.08
-0.11
-0.09
-0.1
-0.105
-0.1
-0.05
-0.02
0.005
-0.02
-0.02
-0.08
-0.095
-0.115
-0.1
-0.13
-0.12
-0.14
-0.16
-0.19
0.02
0.38
0.56
0.2
-0.08
-0.095
-0.1
-0.14
-0.14
-0.15
-0.135
-0.155
-0.13
-0.145
-0.135
-0.145
-0.13
-0.14
-0.12
-0.12
-0.115
-0.12
-0.1
-0.11
-0.095
-0.105
-0.07
-0.07
-0.045
-0.05
-0.02
-0.03
-0.01
-0.035
-0.035
-0.065
-0.065
-0.11
-0.1
-0.125
-0.115
-0.15
-0.135
-0.15
-0.13
-0.15
-0.12
-0.14
-0.13
-0.14
-0.12
-0.14
-0.115
-0.14
-0.115
-0.14
-0.12
-0.14
-0.13
-0.15
-0.13
-0.15
-0.12
-0.14
-0.13
-0.14
-0.12
-0.15
-0.12
-0.14
-0.12
-0.145
-0.12
-0.14
-0.12
-0.15
-0.11
-0.14
-0.12
-0.135
-0.12
-0.135
-0.08
-0.055
-0.01
-0.035
-0.02
-0.075
-0.095
-0.14
-0.115
-0.14
-0.135
-0.155
-0.15
-0.2
-0.135
0.1
0.54
0.46
0.07
-0.08
-0.08
-0.135
-0.13
-0.145
-0.13
-0.14
-0.13
-0.145
-0.13
-0.15
-0.12
-0.14
-0.11
-0.12
-0.1
-0.11
-0.08
-0.095
-0.06
-0.06
-0.035
-0.035
0.01
0.0
0.04
0.01
0.04
0.02
0.025
-0.01
-0.02
-0.07
-0.05
-0.095
-0.09
-0.105
-0.1
-0.12
-0.1
-0.12
-0.1
-0.11
-0.1
-0.11
-0.08
-0.11
-0.08
-0.105
-0.08
-0.105
-0.08
-0.11
-0.08
-0.105
-0.09
-0.11
-0.09
-0.11
-0.095
-0.11
-0.09
-0.105
-0.08
-0.105
-0.1
-0.11
-0.08
-0.105
-0.09
-0.1
-0.08
-0.1
-0.09
-0.1
-0.08
-0.1
-0.075
-0.055
0.02
0.02
0.025
-0.005
-0.04
-0.095
-0.07
-0.095
-0.08
-0.105
-0.08
-0.14
-0.15
-0.04
0.32
0.63
0.365
-0.07
-0.035
-0.08
-0.08
-0.1
-0.08
-0.105
-0.08
-0.1
-0.075
-0.095
-0.08
-0.08
-0.07
-0.075
-0.06
-0.065
-0.035
-0.03
0.0
-0.01
0.025
0.02
0.05
0.05
0.08
0.07
0.09
0.08
0.085
0.05
0.045
-0.01
-0.005
-0.055
-0.05
-0.075
-0.07
-0.095
-0.07
-0.08
-0.07
-0.08
-0.06
-0.08
-0.05
-0.08
-0.06
-0.075
-0.055
-0.075
-0.06
-0.075
-0.06
-0.08
-0.06
-0.08
-0.065
-0.095
-0.065
-0.08
-0.07
-0.08
-0.06
-0.08
-0.07
-0.08
-0.075
-0.08
-0.065
-0.075
-0.065
-0.08
-0.06
-0.08
-0.075
-0.095
-0.07
-0.065
-0.02
0.02
0.04
0.015
0.01
-0.06
-0.07
-0.08
-0.07
-0.1
-0.095
-0.12
-0.12
-0.17
0.015
0.36
0.605
0.265
-0.08
-0.06
-0.07
-0.1
-0.105
-0.12
-0.11
-0.12
-0.1
-0.12
-0.105
-0.12
-0.095
-0.115
-0.1
-0.11
-0.08
-0.09
-0.06
-0.07
-0.04
-0.04
-0.015
-0.005
0.02
0.01
0.03
0.025
0.03
-0.01
-0.005
-0.05
-0.06
-0.105
-0.11
-0.135
-0.14
-0.17
-0.155
-0.17
-0.15
-0.175
-0.16
-0.175
-0.15
-0.17
-0.155
-0.17
-0.165
-0.175
-0.165
-0.18
-0.175
-0.19
-0.175
-0.2
-0.19
-0.21
-0.195
-0.195
-0.19
-0.21
-0.19
-0.21
-0.2
-0.21
-0.195
-0.22
-0.2
-0.215
-0.195
-0.215
-0.21
-0.22
-0.21
-0.215
-0.2
-0.21
-0.18
-0.14
-0.08
-0.105
-0.08
-0.13
-0.165
-0.19
-0.18
-0.2
-0.195
-0.215
-0.21
-0.26
-0.21
0.025
0.43
0.36
-0.02
-0.175
-0.15
-0.18
-0.185
-0.2
-0.185
-0.19
-0.18
-0.185
-0.18
-0.18
-0.155
-0.17
-0.15
-0.145
-0.13
-0.13
-0.105
-0.11
-0.08
-0.08
-0.06
-0.04
-0.02
-0.02
0.02
0.01
0.02
0.02
0.025
-0.03
-0.035
-0.07
-0.08
-0.105
-0.1
-0.12
-0.11
-0.12
-0.11
-0.115
-0.11
-0.11
-0.095
-0.1
-0.08
-0.095
-0.08
-0.095
-0.08
-0.08
-0.08
-0.095
-0.08
-0.1
-0.08
-0.1
-0.08
-0.08
-0.08
-0.08
-0.08
-0.1
-0.07
-0.095
-0.08
-0.095
-0.075
-0.08
-0.07
-0.08
-0.08
-0.08
-0.08
-0.08
-0.07
-0.07
-0.005
0.01
0.01
0.01
-0.02
-0.08
-0.08
-0.08
-0.08
-0.1
-0.1
-0.12
-0.14
-0.095
0.17
0.585
0.445
0.01
-0.055
-0.07
-0.08
-0.12
-0.11
-0.12
-0.1
-0.115
-0.1
-0.11
-0.1
-0.105
-0.08
-0.095
-0.08
-0.07
-0.07
-0.07
-0.055
-0.05
-0.04
-0.04
-0.015
-0.01
0.02
0.01
0.03
0.03
0.04
0.02
0.01
-0.03
-0.03
-0.06
-0.07
-0.09
-0.08
-0.1
-0.08
-0.1
-0.08
-0.095
-0.08
-0.08
-0.085
-0.095
-0.08
-0.08
-0.08
-0.09
-0.08
-0.09
-0.08
-0.08
-0.08
-0.095
-0.08
-0.09
-0.08
-0.08
-0.08
-0.095
-0.08
-0.09
-0.075
-0.08
-0.075
-0.09
-0.08
-0.08
-0.07
-0.08
-0.08
-0.08
-0.075
-0.08
-0.06
-0.06
0.005
0.02
0.04
0.02
-0.005
-0.06
-0.05
-0.055
-0.055
-0.065
-0.06
-0.08
-0.115
-0.04
0.26
0.64
0.47
0.05
0.015
-0.01
-0.03
-0.065
-0.04
-0.06
-0.04
-0.06
-0.04
-0.05
-0.03
-0.04
-0.025
-0.035
-0.03
-0.02
-0.01
-0.005
0.01
0.005
0.03
0.04
0.06
0.06
0.09
0.1
0.11
0.11
0.105
0.09
0.08
0.045
0.04
0.01
0.01
-0.01
-0.005
-0.015
-0.01
-0.02
-0.01
-0.02
-0.005
-0.005
0.01
0.0
0.01
-0.005
0.01
-0.005
0.015
-0.005
0.0
-0.005
-0.005
-0.015
0.0
-0.01
0.005
-0.01
0.005
-0.01
-0.005
-0.015
-0.005
-0.005
0.005
-0.015
-0.005
-0.01
-0.005
-0.005
-0.01
-0.01
0.0
0.015
0.06
0.105
0.12
0.1
0.085
0.025
0.015
0.01
0.01
0.0
0.0
-0.02
-0.05
-0.045
0.2
0.6
0.65
0.25
0.03
0.055
0.02
-0.005
-0.005
-0.005
0.0
-0.005
0.01
-0.005
0.01
0.02
0.02
0.025
0.025
0.025
0.045
0.05
0.06
0.06
0.09
0.1
0.12
0.13
0.155
0.17
0.18
0.18
0.185
0.155
0.14
0.115
0.1
0.065
0.045
0.04
0.03
0.025
0.02
0.02
0.03
0.04
0.025
0.03
0.04
0.025
0.035
0.04
0.04
0.04
0.025
0.02
0.03
0.025
0.02
0.02
0.02
0.01
0.02
0.005
0.015
0.01
0.02
0.015
0.02
0.01
0.01
0.005
-0.005
0.01
0.01
0.0
0.005
0.02
0.045
0.095
0.12
0.105
0.1
0.045
0.005
0.01
0.01
-0.015
-0.015
-0.02
-0.04
-0.075
0.055
0.38
0.72
0.42
0.015
0.025
0.01
-0.03
-0.02
-0.03
-0.025
-0.03
-0.03
-0.03
-0.02
-0.015
-0.005
-0.01
0.005
0.005
0.015
0.02
0.04
0.045
0.05
0.06
0.08
0.09
0.125
0.125
0.13
0.14
0.14
0.12
0.09
0.065
0.025
0.0
-0.01
-0.02
-0.035
-0.05
-0.05
-0.04
-0.05
-0.04
-0.03
-0.04
-0.035
-0.04
-0.03
-0.03
-0.025
-0.035
-0.03
-0.04
-0.04
-0.05
-0.04
-0.055
-0.05
-0.04
-0.05
-0.04
-0.055
-0.06
-0.05
-0.06
-0.06
-0.06
-0.055
-0.06
-0.055
-0.06
-0.07
-0.07
-0.055
-0.06
-0.03
0.01
0.04
0.025
0.025
-0.01
-0.06
-0.065
-0.065
-0.08
-0.095
-0.1
-0.105
-0.145
-0.015
0.29
0.615
0.34
-0.07
-0.055
-0.055
-0.075
-0.08
-0.08
-0.09
-0.095
-0.08
-0.095
-0.08
-0.1
-0.09
-0.075
-0.08
-0.08
-0.075
-0.08
-0.07
-0.065
-0.055
-0.05
-0.04
-0.03
-0.01
-0.005
-0.01
-0.02
-0.025
-0.04
-0.065
-0.1
-0.13
-0.165
-0.19
-0.205
-0.21
-0.24
-0.24
-0.24
-0.25
-0.26
-0.24
-0.24
-0.26
-0.26
-0.26
-0.26
-0.265
-0.26
-0.27
-0.27
-0.275
-0.275
-0.28
-0.29
-0.3
-0.3
-0.29
-0.295
-0.28
-0.295
-0.28
-0.29
-0.28
-0.295
-0.28
-0.295
-0.28
-0.28
-0.29
-0.28
-0.28
-0.28
-0.27
-0.24
-0.185
-0.17
-0.17
-0.185
-0.215
-0.255
-0.24
-0.255
-0.25
-0.24
-0.25
-0.275
-0.295
-0.15
0.19
0.5
0.24
-0.165
-0.13
-0.155
-0.165
-0.17
-0.165
-0.17
-0.15
-0.15
-0.135
-0.135
-0.11
-0.1
-0.08
-0.075
-0.07
-0.055
-0.04
-0.035
-0.01
0.005
0.02
0.04
0.08
0.09
0.1
0.11
0.135
0.145
0.145
0.135
0.125
0.1
0.1
0.08
0.08
0.09
0.105
0.105
0.11
0.125
0.11
0.13
0.145
0.145
0.17
0.175
0.19
0.205
0.22
0.21
0.23
0.23
0.24
0.25
0.265
0.28
0.29
0.29
0.305
0.32
0.32
0.33
0.35
0.345
0.36
0.365
0.39
0.39
0.405
0.41
0.425
0.43
0.47
0.52
0.56
0.56
0.56
0.56
0.525
0.5
0.52
0.52
0.53
0.525
0.525
0.505
0.535
0.765
1.165
1.165
0.8
0.635
0.655
0.62
0.61
0.6
0.62
0.62
0.63
0.635
0.65
0.645
0.66
0.665
0.68
0.685
0.7
0.72
0.725
0.725
0.745
0.75
0.765
0.785
0.81
0.825
0.84
0.86
0.86
0.85
0.85
0.81
0.795
0.76
0.74
0.725
0.72
0.74
0.705
0.7
0.7
0.695
0.7
0.695
0.71
0.685
0.7
0.7
0.705
0.695
0.695
0.7
0.69
0.685
0.69
0.68
0.685
0.68
0.68
0.66
0.665
0.655
0.66
0.65
0.65
0.65
0.64
0.635
0.64
0.63
0.63
0.625
0.63
0.63
0.655
0.685
0.725
0.72
0.72
0.685
0.64
0.61
0.625
0.605
0.595
0.58
0.57
0.52
0.565
0.805
1.24
1.16
0.75
0.6
0.6
0.54
0.53
0.52
0.54
0.52
0.52
0.505
0.5
0.5
0.51
0.505
0.51
0.51
0.52
0.52
0.525
0.53
0.56
0.545
0.565
0.58
0.6
0.605
0.63
0.625
0.645
0.6
0.58
0.535
0.51
0.465
0.46
0.43
0.42
0.405
0.4
0.38
0.4
0.375
0.38
0.38
0.38
0.36
0.38
0.37
0.38
0.36
0.37
0.35
0.36
0.325
0.345
0.325
0.325
0.31
0.32
0.32
0.32
0.295
0.305
0.29
0.29
0.28
0.29
0.26
0.27
0.26
0.26
0.24
0.26
0.255
0.3
0.345
0.36
0.33
0.32
0.265
0.24
0.22
0.22
0.2
0.19
0.165
0.155
0.12
0.32
0.66
0.88
0.51
0.18
0.2
0.175
0.15
0.14
0.13
0.145
0.125
0.14
0.125
0.13
0.12
0.135
0.12
0.13
0.125
0.14
0.13
0.165
0.155
0.18
0.185
0.22
0.215
0.255
0.245
0.27
0.26
0.25
0.22
0.19
0.14
0.12
0.085
0.08
0.04
0.05
0.03
0.04
0.02
0.025
0.02
0.04
0.02
0.04
0.025
0.04
0.02
0.03
0.01
0.025
-0.005
0.02
-0.005
0.01
-0.005
-0.005
-0.025
-0.015
-0.035
-0.025
-0.04
-0.03
-0.055
-0.03
-0.05
-0.04
-0.06
-0.035
-0.075
-0.05
-0.07
-0.04
-0.005
0.045
0.02
0.03
-0.04
-0.06
-0.09
-0.08
-0.1
-0.08
-0.12
-0.13
-0.175
-0.05
0.21
0.6
0.32
-0.095
-0.105
-0.1
-0.135
-0.135
-0.15
-0.14
-0.165
-0.145
-0.165
-0.14
-0.165
-0.14
-0.155
-0.14
-0.15
-0.12
-0.14
-0.12
-0.12
-0.09
-0.095
-0.075
-0.075
-0.04
-0.06
-0.02
-0.04
-0.04
-0.065
-0.07
-0.12
-0.135
-0.175
-0.185
-0.2
-0.195
-0.23
-0.22
-0.23
-0.22
-0.235
-0.215
-0.24
-0.215
-0.22
-0.21
-0.22
-0.215
-0.24
-0.21
-0.24
-0.23
-0.235
-0.24
-0.26
-0.235
-0.26
-0.25
-0.255
-0.24
-0.26
-0.25
-0.265
-0.265
-0.28
-0.26
-0.28
-0.27
-0.29
-0.275
-0.29
-0.26
-0.235
-0.2
-0.21
-0.2
-0.255
-0.28
-0.31
-0.3
-0.33
-0.32
-0.355
-0.355
-0.4
-0.35
-0.12
0.29
0.155
-0.225
-0.335
-0.335
-0.385
-0.395
-0.4
-0.4
-0.4
-0.4
-0.42
-0.4
-0.415
-0.39
-0.41
-0.4
-0.4
-0.39
-0.39
-0.37
-0.38
-0.37
-0.375
-0.34
-0.35
-0.315
-0.315
-0.29
-0.295
-0.27
-0.28
-0.295
-0.33
-0.32
-0.35
-0.35
-0.36
-0.36
-0.36
-0.36
-0.375
-0.365
-0.36
-0.355
-0.36
-0.34
-0.34
-0.325
-0.32
-0.31
-0.315
-0.3
-0.305
-0.29
-0.29
-0.29
-0.295
-0.28
-0.285
-0.27
-0.275
-0.26
-0.26
-0.25
-0.25
-0.24
-0.24
-0.23
-0.23
-0.21
-0.215
-0.195
-0.18
-0.13
-0.1
-0.08
-0.11
-0.12
-0.165
-0.165
-0.155
-0.16
-0.165
-0.165
-0.17
-0.2
-0.135
0.14
0.56
0.45
0.045
-0.04
-0.08
-0.095
-0.1
-0.08
-0.1
-0.08
-0.08
-0.075
-0.07
-0.06
-0.065
-0.04
-0.04
-0.025
-0.025
-0.005
0.005
0.025
0.04
0.06
0.08
0.12
0.125
0.155
0.17
0.18
0.185
0.18
0.155
0.135
0.095
0.08
0.06
0.04
0.04
0.04
0.025
0.035
0.025
0.03
0.04
0.045
0.045
0.06
0.055
0.065
0.065
0.07
0.06
0.08
0.065
0.08
0.07
0.07
0.08
0.085
0.08
0.09
0.08
0.08
0.08
0.08
0.08
0.085
0.08
0.085
0.085
0.1
0.1
0.125
0.17
0.21
0.2
0.195
0.155
0.12
0.1
0.095
0.08
0.08
0.08
0.065
0.03
0.09
0.36
0.79
0.67
0.24
0.12
0.125
0.1
0.09
0.09
0.09
0.095
0.1
0.1
0.1
0.105
0.1
0.11
0.12
0.12
0.125
0.14
0.15
0.155
0.17
0.18
0.205
0.225
0.245
0.28
0.28
0.285
0.285
0.27
0.23
0.21
0.175
0.14
0.125
0.12
0.105
0.085
0.08
0.08
0.08
0.08
0.08
0.08
0.09
0.09
0.08
0.085
0.085
0.08
0.08
0.08
0.08
0.07
0.06
0.08
0.07
0.06
0.055
0.055
0.05
0.06
0.05
0.04
0.045
0.045
0.04
0.04
0.04
0.045
0.06
0.06
0.095
0.145
0.14
0.13
0.12
0.065
0.04
0.04
0.025
0.025
0.0
0.005
-0.03
-0.03
0.175
0.58
0.68
0.3
0.02
0.045
0.005
-0.01
-0.02
-0.01
-0.03
-0.015
-0.02
-0.015
-0.02
-0.015
-0.015
-0.005
-0.005
0.005
0.005
0.02
0.025
0.045
0.06
0.08
0.09
0.11
0.12
0.14
0.14
0.145
0.12
0.12
0.08
0.04
0.02
-0.015
-0.04
-0.05
-0.07
-0.065
-0.08
-0.08
-0.09
-0.08
-0.08
-0.08
-0.08
-0.075
-0.09
-0.08
-0.1
-0.08
-0.105
-0.11
-0.115
-0.115
-0.12
-0.12
-0.13
-0.13
-0.14
-0.15
-0.16
-0.155
-0.165
-0.165
-0.175
-0.17
-0.175
-0.175
-0.19
-0.175
-0.165
-0.105
-0.1
-0.105
-0.12
-0.165
-0.21
-0.2
-0.22
-0.225
-0.24
-0.24
-0.275
-0.305
-0.19
0.14
0.45
0.18
-0.24
-0.215
-0.24
-0.24
-0.27
-0.265
-0.275
-0.27
-0.27
-0.26
-0.265
-0.26
-0.26
-0.24
-0.25
-0.24
-0.24
-0.22
-0.21
-0.2
-0.195
-0.175
-0.17
-0.13
-0.125
-0.11
-0.08
-0.08
-0.1
-0.1
-0.15
-0.165
-0.185
-0.2
-0.23
-0.23
-0.24
-0.24
-0.26
-0.24
-0.24
-0.24
-0.26
-0.24
-0.24
-0.23
-0.24
-0.24
-0.255
-0.235
-0.24
-0.24
-0.24
-0.235
-0.255
-0.255
-0.26
-0.24
-0.24
-0.26
-0.26
-0.25
-0.26
-0.26
-0.27
-0.27
-0.265
-0.26
-0.28
-0.27
-0.28
-0.26
-0.24
-0.19
-0.18
-0.19
-0.21
-0.255
-0.28
-0.275
-0.3
-0.3
-0.325
-0.32
-0.355
-0.375
-0.24
0.11
0.38
0.1
-0.29
-0.29
-0.34
-0.36
-0.38
-0.38
-0.4
-0.4
-0.4
-0.4
-0.415
-0.42
-0.43
-0.43
-0.435
-0.435
-0.44
-0.44
-0.45
-0.44
-0.44
-0.44
-0.43
-0.42
-0.425
-0.42
-0.42
-0.4
-0.42
-0.44
-0.47
-0.49
-0.54
-0.555
-0.595
-0.595
-0.62
-0.62
-0.64
-0.65
-0.665
-0.66
-0.69
-0.68
-0.695
-0.7
-0.7
-0.7
-0.72
-0.74
-0.76
-0.76
-0.785
-0.79
-0.805
-0.81
-0.83
-0.82
-0.835
-0.84
-0.86
-0.86
-0.875
-0.87
-0.88
-0.89
-0.895
-0.89
-0.9
-0.91
-0.93
-0.93
-0.945
-0.935
-0.92
-0.865
-0.875
-0.9
-0.92
-0.96
-1.0
-1.0
-1.03
-1.04
-1.06
-1.075
-1.11
-1.135
-1.0
-0.665
-0.36
-0.65
-1.06
-1.065
-1.135
-1.16
-1.19
-1.19
-1.215
-1.215
-1.22
-1.23
-1.25
-1.24
-1.26
-1.26
-1.275
-1.275
-1.285
-1.27
-1.27
-1.265
-1.275
-1.24
-1.24
-1.23
-1.23
-1.215
-1.215
-1.215
-1.235
-1.24
-1.29
-1.32
-1.375
-1.4
-1.43
-1.445
-1.47
-1.48
-1.5
-1.505
-1.535
-1.52
-1.535
-1.54
-1.545
-1.545
-1.56
-1.56
-1.56
-1.56
-1.58
-1.57
-1.58
-1.585
-1.6
-1.6
-1.615
-1.6
-1.62
-1.625
-1.63
-1.635
-1.65
-1.64
-1.66
-1.655
-1.675
-1.665
-1.68
-1.68
-1.7
-1.69
-1.71
-1.68
-1.695
-1.655
-1.62
-1.6
-1.64
-1.65
-1.72
-1.75
-1.765
-1.765
-1.785
-1.785
-1.81
-1.83
-1.86
-1.645
-1.26
-1.11
-1.49
-1.78
-1.765
-1.79
-1.825
-1.82
-1.825
-1.82
-1.835
-1.825
-1.83
-1.825
-1.835
-1.82
-1.82
-1.815
-1.82
-1.805
-1.8
-1.78
-1.78
-1.755
-1.74
-1.715
-1.71
-1.68
-1.68
-1.655
-1.66
-1.66
-1.68
-1.695
-1.74
-1.76
-1.785
-1.8
-1.81
-1.81
-1.83
-1.82
-1.83
-1.82
-1.82
-1.8
-1.815
-1.795
-1.81
-1.79
-1.795
-1.785
-1.785
-1.77
-1.775
-1.765
-1.78
-1.755
-1.76
-1.74
-1.765
-1.74
-1.745
-1.72
-1.73
-1.71
-1.705
-1.68
-1.68
-1.67
-1.67
-1.645
-1.65
-1.63
-1.63
-1.605
-1.6
-1.58
-1.57
-1.495
-1.455
-1.445
-1.455
-1.46
-1.52
-1.505
-1.515
-1.495
-1.51
-1.495
-1.51
-1.51
-1.47
-1.18
-0.775
-0.86
-1.29
-1.375
-1.36
-1.375
-1.395
-1.36
-1.36
-1.34
-1.35
-1.32
-1.315
-1.295
-1.29
-1.265
-1.26
-1.225
-1.23
-1.19
-1.195
-1.155
-1.14
-1.1
-1.08
-1.04
-1.025
-0.98
-0.975
-0.94
-0.94
-0.92
-0.935
-0.945
-0.98
-0.975
-0.995
-0.985
-1.0
-0.99
-0.99
-0.965
-0.96
-0.935
-0.94
-0.905
-0.9
-0.875
-0.875
-0.84
-0.835
-0.82
-0.83
-0.79
-0.795
-0.775
-0.775
-0.745
-0.745
-0.72
-0.715
-0.7
-0.71
-0.68
-0.675
-0.65
-0.655
-0.635
-0.64
-0.61
-0.61
-0.59
-0.59
-0.56
-0.57
-0.54
-0.535
-0.5
-0.475
-0.395
-0.39
-0.37
-0.375
-0.395
-0.435
-0.4
-0.415
-0.39
-0.4
-0.385
-0.4
-0.4
-0.265
0.1
0.36
0.08
-0.3
-0.24
-0.26
-0.255
-0.275
-0.24
-0.24
-0.22
-0.235
-0.2
-0.2
-0.17
-0.175
-0.155
-0.14
-0.12
-0.12
-0.08
-0.07
-0.04
-0.035
-0.005
0.0
0.055
0.055
0.09
0.085
0.12
0.11
0.12
0.09
0.09
0.065
0.06
0.04
0.05
0.03
0.045
0.04
0.07
0.055
0.08
0.08
0.105
0.09
0.12
0.11
0.13
0.12
0.15
0.13
0.155
0.14
0.165
0.155
0.165
0.155
0.17
0.165
0.19
0.18
0.2
0.18
0.21
0.2
0.215
0.2
0.22
0.225
0.225
0.22
0.245
0.225
0.245
0.23
0.27
0.295
0.36
0.345
0.36
0.34
0.315
0.265
0.29
0.28
0.3
0.26
0.28
0.24
0.24
0.405
0.78
0.965
0.66
0.33
0.365
0.32
0.32
0.28
0.31
0.29
0.315
0.3
0.32
0.305
0.335
0.31
0.33
0.325
0.34
0.33
0.36
0.345
0.37
0.35
0.38
0.38
0.415
0.405
0.44
0.43
0.455
0.44
0.45
0.415
0.42
0.38
0.38
0.35
0.365
0.335
0.36
0.325
0.345
0.33
0.345
0.325
0.35
0.32
0.35
0.34
0.36
0.34
0.36
0.34
0.35
0.33
0.35
0.33
0.35
0.325
0.34
0.325
0.35
0.33
0.36
0.33
0.36
0.335
0.345
0.33
0.35
0.33
0.35
0.315
0.34
0.33
0.375
0.385
0.435
0.41
0.42
0.4
0.365
0.33
0.34
0.32
0.32
0.29
0.3
0.245
0.28
0.47
0.88
0.94
0.605
0.345
0.365
0.295
0.3
0.285
0.295
0.27
0.29
0.265
0.295
0.28
0.29
0.28
0.295
0.27
0.305
0.29
0.315
0.295
0.32
0.305
0.35
0.33
0.375
0.375
0.4
0.4
0.425
0.405
0.405
0.36
0.36
0.32
0.31
0.28
0.295
0.26
0.28
0.24
0.26
0.24
0.26
0.23
0.25
0.24
0.255
0.24
0.26
0.24
0.25
0.24
0.255
0.23
0.26
0.215
0.24
0.215
0.225
0.21
0.23
0.21
0.225
0.205
0.22
0.2
0.21
0.2
0.22
0.2
0.22
0.2
0.21
0.185
0.21
0.2
0.265
0.29
0.31
0.28
0.285
0.205
0.2
0.185
0.19
0.165
0.18
0.155
0.14
0.12
0.36
0.74
0.855
0.45
0.2
0.21
0.185
0.155
0.165
0.14
0.17
0.15
0.17
0.155
0.16
0.155
0.19
0.17
0.19
0.19
0.205
0.2
0.21
0.2
0.24
0.24
0.265
0.28
0.305
0.3
0.325
0.305
0.32
0.29
0.28
0.225
0.22
0.175
0.18
0.15
0.165
0.13
0.15
0.13
0.15
0.125
0.15
0.13
0.155
0.14
0.15
0.14
0.155
0.13
0.15
0.125
0.15
0.125
0.14
0.12
0.14
0.11
0.14
0.12
0.135
0.12
0.125
0.105
0.125
0.105
0.11
0.095
0.11
0.09
0.1
0.08
0.09
0.08
0.1
0.1
0.17
0.185
0.185
0.16
0.13
0.08
0.08
0.06
0.065
0.04
0.05
0.02
-0.005
0.06
0.36
0.76
0.56
0.1
0.08
0.06
0.05
0.02
0.04
0.03
0.045
0.02
0.045
0.025
0.04
0.04
0.065
0.045
0.08
0.065
0.08
0.08
0.11
0.11
0.14
0.14
0.17
0.175
0.2
0.2
0.22
0.205
0.215
0.17
0.155
0.12
0.1
0.07
0.065
0.04
0.045
0.03
0.045
0.04
0.055
0.04
0.06
0.05
0.08
0.06
0.08
0.06
0.08
0.06
0.07
0.07
0.07
0.06
0.07
0.065
0.08
0.07
0.08
0.065
0.08
0.07
0.08
0.08
0.09
0.07
0.095
0.08
0.085
0.08
0.095
0.085
0.1
0.085
0.12
0.12
0.175
0.205
0.215
0.205
0.18
0.125
0.12
0.12
0.12
0.1
0.11
0.095
0.06
0.11
0.4
0.795
0.66
0.225
0.155
0.155
0.14
0.12
0.125
0.12
0.13
0.13
0.135
0.14
0.17
0.135
0.175
0.15
0.18
0.17
0.205
0.19
0.22
0.225
0.255
0.25
0.285
0.29
0.315
0.32
0.33
0.315
0.325
0.285
0.28
0.24
0.225
0.2
0.185
0.16
0.165
0.155
0.165
0.155
0.175
0.175
0.18
0.18
0.185
0.19
0.19
0.18
0.2
0.17
0.185
0.16
0.18
0.16
0.17
0.15
0.155
0.14
0.15
0.145
0.145
0.145
0.155
0.14
0.145
0.135
0.145
0.14
0.145
0.13
0.14
0.135
0.145
0.12
0.13
0.165
0.22
0.24
0.22
0.215
0.185
0.14
0.14
0.13
0.125
0.11
0.11
0.08
0.05
0.16
0.485
0.81
0.56
0.145
0.15
0.13
0.11
0.09
0.095
0.09
0.105
0.09
0.085
0.09
0.09
0.085
0.09
0.085
0.09
0.095
0.12
0.1
0.13
0.125
0.13
0.14
0.16
0.16
0.18
0.17
0.19
0.185
0.18
0.16
0.135
0.105
0.095
0.06
0.065
0.045
0.04
0.03
0.03
0.02
0.03
0.025
0.04
0.03
0.045
0.04
0.05
0.04
0.035
0.04
0.04
0.03
0.04
0.025
0.03
0.02
0.03
0.03
0.04
0.025
0.04
0.04
0.05
0.04
0.05
0.04
0.04
0.03
0.04
0.03
0.04
0.03
0.045
0.025
0.035
0.04
0.065
0.09
0.14
0.14
0.14
0.12
0.08
0.055
0.06
0.05
0.05
0.04
0.045
0.005
-0.01
0.185
0.57
0.75
0.43
0.12
0.135
0.085
0.08
0.07
0.08
0.065
0.08
0.07
0.085
0.08
0.095
0.08
0.11
0.105
0.12
0.125
0.13
0.14
0.155
0.155
0.18
0.185
0.21
0.22
0.24
0.24
0.26
0.26
0.255
0.24
0.24
0.21
0.205
0.195
0.2
0.18
0.185
0.175
0.19
0.19
0.185
0.18
0.2
0.2
0.2
0.2
0.21
0.21
0.22
0.2
0.21
0.22
0.22
0.22
0.23
0.22
0.22
0.22
0.22
0.22
0.225
0.225
0.23
0.22
0.24
0.24
0.24
0.24
0.23
0.225
0.24
0.23
0.24
0.24
0.24
0.24
0.25
0.25
0.28
0.315
0.36
0.36
0.36
0.34
0.29
0.265
0.27
0.26
0.25
0.25
0.25
0.21
0.215
0.4
0.785
0.945
0.61
0.3
0.315
0.27
0.26
0.25
0.25
0.26
0.26
0.26
0.265
0.26
0.27
0.26
0.28
0.28
0.29
0.295
0.32
0.305
0.315
0.335
0.35
0.37
0.38
0.4
0.41
0.41
0.42
0.41
0.42
0.38
0.37
0.34
0.32
0.3
0.29
0.28
0.28
0.26
0.26
0.255
0.26
0.26
0.265
0.26
0.27
0.28
0.27
0.265
0.27
0.255
0.265
0.25
0.26
0.24
0.26
0.245
0.25
0.25
0.245
0.24
0.245
0.24
0.24
0.24
0.245
0.24
0.24
0.225
0.24
0.23
0.24
0.225
0.225
0.22
0.22
0.21
0.21
0.22
0.22
0.22
0.25
0.29
0.325
0.3
0.305
0.26
0.22
0.21
0.22
0.2
0.19
0.185
0.155
0.12
0.23
0.54
0.9
0.65
0.22
0.215
0.2
0.17
0.17
0.16
0.155
0.165
0.165
0.16
0.17
0.165
0.17
0.16
0.17
0.18
0.185
0.2
0.2
0.205
0.24
0.225
0.245
0.255
0.27
0.285
0.3
0.29
0.29
0.29
0.265
0.24
0.21
0.175
0.15
0.135
0.12
0.12
0.11
0.11
0.12
0.12
0.12
0.125
0.12
0.12
0.125
0.125
0.13
0.1
0.12
0.11
0.105
0.1
0.105
0.09
0.09
0.095
0.1
0.1
0.1
0.09
0.095
0.095
0.085
0.085
0.09
0.085
0.085
0.085
0.08
0.08
0.08
0.08
0.06
0.07
0.08
0.08
0.085
0.1
0.15
0.185
0.17
0.155
0.13
0.08
0.07
0.065
0.06
0.05
0.04
0.025
-0.005
0.06
0.36
0.75
0.53
0.11
0.08
0.07
0.05
0.04
0.04
0.03
0.03
0.04
0.045
0.045
0.04
0.045
0.055
0.05
0.07
0.08
0.085
0.09
0.1
0.11
0.12
0.13
0.145
0.155
0.18
0.18
0.185
0.18
0.17
0.16
0.135
0.1
0.085
0.06
0.04
0.02
0.01
0.01
0.02
0.01
0.01
0.02
0.02
0.02
0.02
0.03
0.025
0.02
0.015
0.025
0.02
0.01
0.01
0.015
0.02
0.015
0.01
0.0
0.005
0.0
0.01
0.0
-0.005
0.005
0.0
0.005
-0.005
0.0
0.005
0.0
0.005
-0.01
-0.005
-0.015
-0.005
-0.01
0.02
0.04
0.09
0.095
0.1
0.08
0.025
-0.005
-0.005
-0.01
-0.01
-0.02
-0.02
-0.06
-0.04
0.17
0.565
0.59
0.24
0.01
0.04
-0.005
-0.02
-0.03
-0.015
-0.035
-0.02
-0.03
-0.01
-0.03
-0.02
-0.02
-0.005
-0.01
0.01
0.005
0.01
0.015
0.03
0.03
0.04
0.05
0.08
0.085
0.1
0.095
0.11
0.1
0.1
0.08
0.06
0.025
0.01
-0.02
-0.02
-0.03
-0.02
-0.03
-0.03
-0.035
-0.03
-0.03
-0.02
-0.025
-0.01
-0.025
-0.01
-0.02
-0.01
-0.02
-0.01
-0.025
-0.005
-0.02
-0.005
-0.025
-0.01
-0.02
0.005
-0.025
0.0
-0.01
-0.01
-0.01
0.01
-0.005
0.005
0.01
0.02
0.0
0.015
0.005
0.02
0.01
0.02
0.03
0.085
0.11
0.13
0.12
0.12
0.05
0.04
0.02
0.04
0.01
0.02
-0.02
-0.02
-0.04
0.185
0.56
0.67
0.305
0.07
0.08
0.06
0.03
0.025
0.01
0.025
0.01
0.03
0.02
0.04
0.02
0.04
0.025
0.05
0.04
0.065
0.05
0.08
0.08
0.095
0.09
0.125
0.135
0.155
0.155
0.18
0.165
0.18
0.16
0.15
0.105
0.105
0.065
0.06
0.02
0.03
0.015
0.03
0.015
0.03
0.01
0.04
0.015
0.04
0.04
0.055
0.025
0.045
0.03
0.045
0.03
0.045
0.03
0.04
0.02
0.025
0.02
0.03
0.015
0.035
0.015
0.025
0.015
0.02
0.01
0.03
0.01
0.025
0.01
0.03
0.02
0.03
0.02
